901813984
3120370592
3019346768
553476656
4890035488
5082555920
5079666720
3313653616
5262853152
4299617648
3485979136
3032531872
3588039776
4422271840
3417094480
3186079856
5087227232
4559519568
4503295856
3132306976
2585082064
5273349520
4588319904
3779823648
3779371296
394340784
4412567840
403364768
122193200
4489673712
2206270496
4725644896
3502407408
4229914336
342975680
166337536
4199553744
4222024464
961180256
4911672080
4035900096
4249788400
604087776
157810480
4746868560
4793073296
5024555936
4701926288
3396486800
4255624656
3339399440
3034625392
5296562432
3733017824
4669744928
4652551520
4328004496
3773914848
248284368
5060330032
4279849136
3894440272
4218521280
5107477872
4972675968
4612869568
5043967328
506872352
4767166160
502642960
4713986016
4516308160
873384656
5138001072
748420544
3770827888
4212935120
3892253120
4384576272
5049514112
3784381616
3959838944
4361617248
3030418944
2730888880
4537819824
642816368
4813686512
5077991904
2106443184
795133136
3948481808
3735054144
263302448
167033616
4519538320
4574879968
4868670224
475021984
4628357680
4492924560
1920873152
5006959280
3313047488
4461180928
3880494000
4593637616
379893760
3845028704
3957326816
4299743328
5054609408
4792341824
3940282624
3527133280
4548312928
4770136848
4795305152
4499245104
298358832
4527017360
575764032
3825834832
4833852304
785438176
4657440944
4694573936
333509072
3929772352
3952309584
5369697680
5157669504
4816387888
4928514080
3390494624
4798004416
430794880
4205410912
3923205520
2213045680
213752352
4897235248
4826130640
506295952
3821747312
4470428400
5076297792
3759107424
4444809280
817325920
4212369296
5063870304
5042193808
4351527728
3804161840
5120772128
4373158192
3563246672
4661258368
4192888368
965495360
5079845968
4966733504
3548604816
3370938400
3396157040
4171326032
460939808
4606716416
371375632
3833858192
445865440
4554985136
4276443312
5191733568
5050294256
3357186688
4096490464
4383679296
4019499472
4388921184
755374576
4001656112
265940528
4790991328
5104603952
4740360896
4825025264
596228368
187363936
386757328
101735840
3554908992
4277277888
352562544
264015792
5009408192
493846128
4874107008
449016544
3279622288
3928796432
5106644304
4310716800
4059279616
3774706608
3193744176
549886688
4771456064
4681193296
640531376
268343888
4481088672
732211712
3963669888
4049202432
3785319440
673735792
3803598800
3482447760
467403536
335299776
352319296
4163490416
881486816
3818020480
2977875936
4675487488
641102768
4309417264
4087433376
3263801360
315688608
4620604832
3437252256
4292512752
3765915760
3454803056
717493488
4101573920
4357954848
617700464
1950606656
4020879536
463269840
4134666304
4362283616
3954668224
462913168
3727220576
402888576
3030577648
358134336
111473472
3840557232
3392761552
532516832
4848453072
4920999664
524580240
3521357360
414095712
4405991920
380366944
3858294496
475371600
3690804464
4050499312
4231116608
574574784
4352828528
5064508880
386201664
236890832
3840505632
4157097616
4121630752
3631722208
2347420832
394613296
4598201312
1241686752
4553177024
4069338032
3718861744
3574363488
1021294816
623786080
3370798480
4538130592
989158208
4162469312
3496983440
4548106944
298978720
3588351392
3679799152
4843154080
3231463408
4501693584
3814240768
2872814912
4929626048
3928702400
4131339440
3953465440
3596821904
4665418384
5044774432
4362082800
4187026208
3818406624
3804507376
3685409664
4819240304
3528876544
4436942384
4270861744
4547496512
4287457296
4875250224
415032640
3809506320
3667170272
3909312752
3359312704
432419472
4352671328
1940261712
4674613616
3997025024
3791323824
4853901216
2704702240
3315915584
404034352
4149396496
5041768048
2859069520
4808434784
4476576976
4078779936
4250349760
5061607728
4348342784
4023804928
3552598976
4706546928
4801228448
3653633952
3829180384
3830303072
4987015072
5024875776
5136553504
3846517424
184028768
5226401568
3684168880
5291621680
570657968
70415616
3359418512
620072528
3575662784
3343186224
4181370464
5140140768
4923480944
3483062704
614207760
4022218736
388110928
3586390928
407663072
5027051376
3405957136
230942976
4292238464
690031344
3710755168
500091168
4833021136
4986046448
4749146736
5007893776
593994768
4691390208
3804322608
449408688
96754448
256258336
3259302832
3512497024
4094225136
4153369808
4801040640
2884725072
3881961280
4436600048
5169268448
4224686592
5090866928
3952013600
3719700752
3868724144
246021872
4841605408
4028129328
4536843920
4075987584
4387490320
4440193568
3721801600
3711721088
4567323952
557363072
3505904000
4690771088
3892415632
4977175616
4320836832
5054504192
1026556352
120531456
4616256736
589370976
4466417088
4369879952
4227119312
4190576624
3540774096
3833383760
3989825728
4039135440
4833169616
3688303936
4072574000
4085139664
3656954192
3336724144
447062288
5122481040
4533681760
5637393680
3682559840
3864270336
3555347184
615136128
224250368
4458034320
558929344
95283776
979050160
4818144064
476612544
4433344480
564388032
4273061088
5017647744
3037454992
4731056176
426283008
3308885168
3644661616
4755891552
5109012672
2568562288
618065872
246525136
4659198912
4176908656
4957300368
3456124384
5153990112
3703832416
472386912
4563060288
3266076688
4807873632
4836138144
4392692800
4971011200
4956883984
709961040
1018747488
4728042224
3317386400
3627401440
476605792
3832478752
5156592432
1247408784
4863736896
4157439968
4773287168
5067371040
4808901552
4293212304
2869561552
3706525056
4733921264
4613716016
891861888
4486531232
3779188880
3114234768
4122978880
3607040144
460194912
3797488240
4987378240
4680565264
5135858448
4779188432
4648852960
534137968
3794764432
5348328240
5065885536
5129394128
3185275648
5163421872
4116081840
3053595152
3417842576
4474990400
2312959552
4162879344
5060102448
290306944
3535053552
331170960
3634056032
3913860240
4832485984
3197765072
1831641680
3760350192
3702993696
899284080
3415672992
3588140512
5136604656
3803683888
5002467088
3770901296
4330520928
3232537216
4871723488
3520279728
4902956000
3586746272
4708036272
5621329520
5008452160
495620480
2805481520
4692373680
3369434704
3598066928
3875214720
4023177104
572318464
75953536
126312592
4561805792
4736570448
3429782096
4951564608
5066994368
573281616
3784730928
3731725776
3142376144
2619729136
4528807920
3822598864
4708337520
3899859344
4084185120
4143261520
3971162064
4223389040
3302892304
223615280
3848348864
4932104032
3501010304
4472885696
4997953072
3727335232
5227411776
3414821744
2846077632
3640067552
5046993424
327033728
4177899312
3571437856
4787967744
4801081472
4462483584
3857939184
3267467184
4781493712
399947168
2240030688
5165294912
5058567952
3917485792
5066629424
644020432
82638560
4879591216
3772238000
3328885408
3613771440
518304752
2750171296
292028848
4795508784
3835835296
5020916912
1227138048
619806000
5196309152
3558314896
1038784512
165315856
3848060736
4082175472
4609848192
322308016
151068880
1516801360
4736215888
3425169392
4592185024
677806656
3536147216
4370842208
4230986080
504556848
2790454960
516705920
3463918944
3968914688
4118923536
3744380112
5141490480
4569479152
3513673728
3925685408
4091357904
4734961792
477458720
372879120
4564509552
4730845984
355722896
3416652992
4570140320
626928128
4657668624
525371552
5143792736
3379273360
4553066608
4711391952
4837584752
3318685696
3941576032
4303468976
5051387856
3870020272
419617248
1343822624
4634262768
542512112
2676110224
2244597296
2568370704
3880527168
3942699712
5027014784
4440341600
492557232
287878976
4490991840
536212272
3615647440
4416770864
887380624
3555500016
3775759232
3871479744
3865194336
5214514496
580141040
2922595872
3957908256
3283198416
3039718480
334374672
3593591600
4389055872
4027710608
5445067600
4864851520
1139805280
4517284624
4757587648
401064400
4302622960
4896148352
746895136
3551594928
4982721136
5134432240
4486677344
548332560
3845148672
2860582416
3395354768
5129406048
3638149424
567889648
4014391088
588233904
3222590720
3761011552
3378281488
2550293824
4380913424
2924404928
4664132400
4019818240
4751032368
3703698368
4767474864
656779520
3613079008
4381754944
843084848
4001539200
347512960
4067648224
3982884192
4123307840
4859668400
3968923312
3827315392
4000461744
309026224
4995036864
3680289744
466669072
4560511216
4655354320
4835609552
4998552976
4368332960
3866431024
3837929264
312484336
109780016
3594331296
4189986704
4576164160
4195664224
2755461680
4915151104
4624411056
4076403424
3130458656
4014212560
3415460720
4971395328
4808745328
4366904656
392029616
3732180848
3772784560
4970777248
3883646336
2810343552
5143170112
3740833168
589383696
3837673408
3463051776
5202802384
4891047408
3757952400
5090463104
438975968
4461089776
4049304192
4049301152
3178382656
3904796960
4146261200
435103904
4731543232
3985996304
4200113232
3619310576
4518710672
4049696240
4024424624
4752300768
4757183424
4260160592
4924358736
4396401520
431052800
4944654960
2806107488
4720435008
3962871952
4933743904
4868270928
4998842880
4649714560
3882965152
324587888
3343961296
256890576
3643267952
3742019744
557054224
2254078192
3351086432
3808291888
3900433184
3649829184
300695728
471998400
2874766448
4697734816
3969213440
3595961664
4554943600
3762127344
1573010656
203725264
201744576
4092421728
3358973984
4253241456
4275273664
4061568512
4237630368
3087910192
1220049008
153937728
5109328992
3954027200
4042419920
4601033488
246016512
3639217152
388952704
3788065936
3886324512
3446533072
5304317472
3692067648
4356928128
3994889488
2010711312
3204668720
3812126176
4277802032
3822181136
4265603312
502745376
212613504
3183994784
3368163984
4149189248
4606774336
5029595712
3362205568
121453856
367266864
3420282560
374184336
3657730848
5266620368
3707630832
3814017664
454433040
3454551888
3791701280
4650790560
3855293552
4140567712
426131600
147568912
4257482048
4207530944
4091093504
2941441568
5093151840
3836740784
4211432576
295838704
74236784
181598368
3512561680
507831440
5198255200
4338509824
4400924912
4306242544
2982275632
4307275392
4829944160
5014319584
3639344080
3023024608
527248800
3485842432
4279456752
4855268048
4896206320
4046535392
661975248
168416032
4520285120
3433444480
5115132480
555453520
4043279120
3670515488
4580786400
3861023008
5106374608
2352941424
5212834560
678269328
5092530992
354802256
258298096
3924588544
4130988752
3196217264
4228577264
573403184
3573676368
3544782192
5184656560
3571814720
4644955920
3325557488
226428704
4313881712
3691763120
4482081504
4964941600
3936859728
2804139888
4586537136
4101249168
3345976560
2814041904
3592429136
4730658896
3886551664
501307392
3959384384
3700682208
2982821792
2876608128
3829283488
3299896800
2930461792
4183606768
4687647200
502864752
5206400432
4350754384
4084544064
3827130096
4161512080
476031552
2337498000
3587507968
2640140384
4008585168
4056587600
4037098960
3566966432
5108038000
3879136336
4860103728
821950512
-1056064
3953793312
685783584
3604908544
4249846800
3554059552
763874720
5160471072
1029119264
4538596896
3864040688
736742832
2346688928
4874749504
4502555600
379938544
544957600
88287344
1218365632
3457952304
4017765344
789187120
3697833056
2346845280
3990073536
693913872
5000671920
619807504
41644640
-99538272
19800560
67434496
3795221488
454469696
322889824
5176816576
448513024
4951414544
3145377872
3893096080
4388262752
578239584
191696672
313276624
2786984528
672585744
5112447440
474307952
958384672
3955088128
414648768
277856704
175083376
3830304016
304774208
211580176
3236119232
4229208784
345000672
30753088
-12432992
164558400
3185863440
5075859456
592021632
4357596192
4457192352
323949984
161843856
343983760
1632822000
5159411920
478122928
2930302528
2774216960
530997856
240890144
3674216608
638865392
238411040
4576221632
680025360
390870752
764576432
79199888
75863168
4758531232
4073702816
597512912
144084176
57069152
3293242272
1029992960
4101409264
4872816960
3341591840
494521376
3324837264
382898560
5191216784
3376533424
4767439440
3176093392
283607104
4373308160
447506464
294414496
235668752
104863888
103143040
1181403936
3561999440
4103555840
3848627408
3058761680
216510768
3407199152
4790509840
427659952
160525552
3904753264
3283759744
2913758464
829470384
4530209264
3126749952
4935814544
297069600
53986992
13401888
204904528
194478512
4952891472
829018848
4547026320
432974240
187064848
268163504
5216750784
593623456
3529153056
4655448112
4535063440
500144224
222816928
3400447984
382604976
3753446800
741774272
122683296
411239536
3874084176
539709648
63217872
5038277296
3764845408
388417088
454920576
108559200
3909159648
3518191904
3604245456
387667040
182309632
4543834624
532661088
2765489056
213956096
2186210928
3136224752
2099372032
868154176
556408096
285874928
268631248
4375448000
3652803232
4588579728
5001525744
4998139616
3923505344
4065147952
3255156384
468441680
3711363312
487101648
4375875376
2666881184
3831652016
4763505920
580339888
80135136
3915381984
440042960
66118256
-28844688
278534976
68376592
4265290752
642221504
3306637936
5008430128
357761792
345148800
46665888
246205504
180646144
206808736
3267431824
483928272
207048112
3264896896
2111066624
3996532368
719572656
5192113200
837426656
196178512
201442928
1978808976
4754156224
639462464
157082144
5211923376
3899577392
450880560
507898976
476675616
353728416
4445031760
3799935520
832957360
5000366640
680820288
120271312
134444784
5164844096
4278145280
3964487312
4064633680
403071072
97834944
4599638832
4347108448
607001792
209069280
160941072
5047972592
5147617376
4223954128
942425248
160414288
4973563824
4005019008
583855456
3424515504
3453507552
417784816
-257014080
3661355824
718598912
5033609568
600255840
187353280
3133388208
4694266464
325245600
68530288
3912578160
1645731344
4385168096
641153648
634404704
3678574752
474581552
74519344
4086822640
3824511248
1038781920
4549430656
815824528
633046912
-57867344
764589072
177490640
2364173856
459307248
4912941840
892915168
181853552
86588752
4215292848
4971393120
645919136
379694528
3599880560
296119248
398649136
5208810720
4630847104
590524400
4320076928
4863354288
2359602720
462915232
5056908928
3997827040
5089088720
1226561712
3755267920
3422082544
338230736
-10681760
406261648
609232736
211060208
194113152
255239184
689065648
464294112
3848003280
719920864
242156864
4187282704
543156992
121182080
4208947184
4392762656
614031392
3463421312
283293760
5103208032
3297593040
419992240
87646752
579600960
4094189552
4642697936
391749168
361398112
200862704
3420882464
4160024480
501802640
433320256
93087568
216497728
324080336
4576546400
940200752
4025473360
5069662128
478981232
552544560
385964960
46494976
184826000
157228512
3301295344
5119724000
4720034224
615179056
192119280
224565936
150681024
243671040
106028880
-320169072
3351240768
4825687408
632625744
73885840
5170127648
792556032
396017488
4999739888
546772736
3591279872
4021499568
411281088
2739684272
4762316080
4054723360
478780656
5094949712
755629280
3439611424
4246436432
4754699888
3775088048
1060418272
245137856
702606192
4318594704
555967664
374081584
268571008
192094720
226783456
463564304
4091698800
523806912
3762194416
4672770288
458186272
267128736
116820672
311764128
19529712
144940048
356951760
109039120
5034581424
4522725904
3795103184
467977424
428359440
589246400
4194135216
803136624
93584928
3541841696
402599792
50172864
187384304
26592496
67222656
3104270928
5100533968
501365280
4082255424
622502000
4437950464
3889859296
2727944464
220278368
5015811792
485681344
4064208224
720670976
4505380448
641458992
127854496
4551132432
636173584
4105017520
621479680
33550464
331994128
4608380112
360759584
661113088
4762340064
4344075984
303937792
5109861552
402492768
262120640
5037789520
4487220272
3784394368
578885344
97078224
4503979312
3766821104
602417568
3069173904
4784334592
424116320
-8671472
3820007344
479400480
3861544352
589811920
308752672
265581312
4552661344
4071649568
845015888
103786112
4033349328
462082880
171418768
537581504
239500928
142224640
2497846896
4897307664
4021279200
316589440
5163396736
3029043056
4606048592
5056946048
427274736
3271828416
461688368
156436752
4164313728
558566560
4657896176
4702308384
381980912
4222147104
4124282448
4745747280
624828992
5170203536
856988496
457344720
3458863824
4400076864
564119728
143847440
3471254688
4158316704
568587776
3889514512
870554176
475181376
4511514272
673518848
358395984
-17697792
150511808
263877328
4948519184
535165760
101187648
5032730912
1021876816
3847407056
345895424
5093700464
5021079632
3428519152
4494603088
644651472
4935277584
1178137136
3419773392
332050496
119152880
3921091840
4091106064
3726735776
3953607232
4634942448
4745410352
2706933376
193944848
140711616
4913859248
3879753232
3900602288
968609344
699311312
565054896
182763184
254360176
164601376
271680688
4458178096
3015122944
529546768
5108039696
1147140224
171667920
4165023136
367217920
3491101536
284137104
3554929888
619629232
115065056
186555216
3906560624
416273504
4968913648
511831456
4590914096
671204048
393178544
4843457968
4098452848
5020925504
4962691328
4507003184
4711450128
4777181520
832459328
43345984
621548576
158304864
5130521696
478598496
152049616
333967008
320681184
2493139664
3484746272
659333328
188740304
4096016400
5028781024
4166224960
4567635792
926390112
242847696
73862848
674443792
405086768
587240944
199430032
196697664
3115208272
265971248
3654283040
4490877936
963597936
5077139168
4991335696
1796009264
4494315168
4905181248
4842483280
3943105552
3704062416
5308644112
4200507696
362351360
3861509424
4310567776
606107008
213670032
281537120
99765744
180266192
4196319552
295561728
258728688
192229616
4251594432
4104155872
5041913120
4657591248
3826861616
4228156960
679208928
3704806416
4149955008
423556816
344657232
40506640
3563514480
5047892816
4899517632
4824307024
578425120
3618091904
556404080
81919200
186776304
4023357840
4996094608
3819186592
4157802416
587520480
3955785200
4971514960
4867724240
3831923136
864222176
3515581376
4501613680
414376160
4662831936
456187936
4746047168
287167456
2401794240
3050713248
541773776
3715231408
732445776
3499098560
3780491152
4059763024
490262880
3673928544
618106144
4293483952
528265472
323244880
287787104
76757360
3652719168
447222576
4143266320
4089496496
522461552
206918912
4065735872
5000026464
392834608
4830589120
674814544
194646016
278407696
225158176
39376416
331899440
3694892112
5089594448
4681696944
4512131392
463555744
4699915568
901741904
219206624
198632784
4636655376
867875744
747870368
3439669744
459109056
353555728
571589728
5192101808
4210808112
512190224
3783789184
635196880
103157296
4688845696
391235952
157097344
3641269456
620247232
5228727216
817355232
4285382656
356865408
173382704
94051664
97201104
-551392
4065441200
393385216
247255264
4268011824
4385525264
4226725536
1234296992
541160144
302858128
390354400
3284085040
3442110496
585699056
314803344
3552655840
4678611680
3840652768
489658368
4102351104
385442688
197873136
155767408
4198762560
3955209072
343260544
1821434800
4185908016
3115436272
256662624
120249936
417459712
3160431184
243200896
5013282368
3151697200
637256672
666623968
64066112
3509410736
450129056
3669947424
3663035792
552529536
4686943520
666200736
278198288
109104960
213633920
236809120
89855440
20580912
179022272
3333894320
390642704
346791952
218962624
61653952
286738128
-220247120
-5391648
145491680
2855825584
224754176
30540208
2427008192
4296538400
725318352
4771755632
901761696
4206849232
442870928
3979695840
259081568
43926464
3711578064
3420755056
3840836688
4783861472
622791728
421211760
4638296544
531362464
186646592
133320848
4054038720
4246877840
4739436160
3631485696
373740400
3288783728
4831467776
5110775648
4370586000
3310297056
4398569280
519408080
382390368
3827004752
3903338880
377889552
199845296
278271152
4502823680
4136599408
623530528
73782480
3772612928
3359723072
363000880
4081177136
784598848
118853712
111433728
214223920
352510176
4738173552
3642666176
4081033584
4898791712
651663232
4077595152
619581216
123911520
3639595152
3861035008
4212894000
390877696
42396400
213280144
199593904
495057104
121216656
336614544
4851379024
516280576
4472148288
4829374960
516080688
166497232
370702016
312103488
4083419184
3642470352
713158192
4528618640
1214406688
2884892144
247224208
50652160
2717228160
361101872
4093755776
3609121392
3928568608
3978110720
401348384
146324896
143347440
179760384
2954797440
358456736
166873984
371592368
5053826288
864314304
4190031792
643744576
1227343840
4347624496
655774624
4187681168
371650368
2696102080
277043168
73423808
175312896
174223040
-62688064
390529312
220085616
105259104
126067040
3832149984
472171904
360751024
91095616
4765713616
2851925168
3938063984
5223853728
378785408
155296080
3253358032
4736124832
4532709936
4658283872
859218064
414335264
2210035808
3355467152
562751808
215271312
-78744240
3486029504
3052118992
5229595056
276818288
440185648
5157797840
3778367296
5097080640
534873712
83279456
4513809392
943388288
4610528496
4572639856
384623184
339224240
342403792
4753952432
3649430528
450463072
3427762640
1895605104
182166784
290828144
3739943280
724130176
213114368
328127568
392992928
156119456
113571088
663754704
305111664
124425008
369035024
3345085856
638825712
20695392
3956708864
973109312
5000447440
4526785344
626043568
369957488
4868277456
456846320
4485673536
593467440
4493217120
884990352
2134493184
347239472
217935760
3812627408
419629104
3929218560
492484528
195352848
103025600
58783824
-50339728
71841904
4987546592
695265488
67790880
3289062608
3882863680
680003072
354565488
1595568144
185322080
853472576
4398141792
902472384
306185264
4424719808
422269264
4284419520
565767152
5101201456
4345269104
475920112
314070784
211562512
3737924176
630957520
779539872
3172657120
428110192
155047552
566265120
751845088
358317280
123588064
-43611168
4270345776
434061840
4811308208
678362800
108299136
5165390624
622235520
53802304
3286024992
4931211920
497038496
230835360
32323968
4845075984
3756563808
800621568
4459350832
691919280
4217458032
663854560
197151280
151645024
4841867536
408696640
4218277984
464460576
87818352
214682160
4526873104
3926536704
595025184
598788976
181251072
85364848
294996192
273149296
420690320
389836416
569269552
244334672
194969616
504733968
3904835008
5161769536
355349296
63718384
2290448
103021296
3972374384
479357488
498678944
284185824
825804192
274852992
87042272
3618940320
3961891008
3725190576
344814160
3709506992
4298517792
475404688
5102780576
478905216
-3078752
-103088752
96260576
353602080
180374768
156351856
165211344
4051052336
674396880
164882560
396510736
946590032
176730080
194920864
208403728
414563072
196871760
282574640
210843952
66319280
5122584400
397950080
4852485296
4643431568
439771024
263392880
847883120
161648704
134388096
419563264
279769936
52677600
186250368
301934528
208143680
4405286272
559386416
65764944
201913520
251779856
299186624
2538462576
735373568
118258224
90439856
468102144
131506832
3965871312
493411696
277687392
4040590016
355891216
66891312
-196810304
220484672
3120081488
419486096
395295296
512309328
406783152
486227024
547755104
3991637184
4994689440
728728368
228020816
171629712
-80501984
490789296
5178510048
530650432
3314536784
753423872
572291696
13829136
134037952
3529911504
735111312
3890547216
376077728
129041520
664672
4962393424
5183900304
645454096
329363680
192116368
3828705360
329434512
79756640
366243616
136859904
3503566240
731179344
142126352
77601984
15385408
232513232
341831040
336759504
5142402368
4996671264
543235600
128390560
407781744
210658816
41258592
3479469120
550447792
169782912
143017920
3863046160
274074496
94528496
4498048000
357642512
196869024
11231072
130951264
34633632
38556224
3275945776
485585856
3971569264
249828080
53374688
-224740128
95683264
3283833536
387607008
3429118080
402160192
2620067936
396067440
244881776
109885008
356322400
-13525504
184903376
422473872
352671216
275552992
107458592
3668814816
608234960
3244137248
823234320
5110370992
447110112
146919136
73862784
4815803056
363224992
4029488752
653732672
150467552
226820624
4394529312
274850560
93392864
445196160
145101840
2560568592
253208880
43580928
123922544
68642576
139401328
90599600
30534464
186390496
179162528
339920960
617807840
3856304336
4315879232
3950389920
359613664
141953408
92739616
177514576
109679088
422732160
3547047872
184811024
228292976
21906128
135599472
114750208
225645856
138131840
51727232
4527376352
521855136
4402460592
596356080
302329104
76149488
4031515856
462235456
45704896
197176448
4630708624
586515584
47792976
367695904
52783232
4119363552
507469984
144935408
355503232
144579648
137063232
4617927552
693313968
505341328
196264288
79774016
168404384
3771473104
575823984
124292976
99994144
216045488
3135887488
340207744
46202816
218399920
88613376
278763008
5159103232
539207904
138380496
652404064
560056320
373180768
157172688
3723452096
4025614720
598796000
683641344
174284816
166801488
241319840
13628736
4257259664
1230224256
60528832
254567968
107579008
4035631152
391675872
201264016
192513680
171925344
157894144
171895808
175119584
183870624
4790666448
4366132784
482155104
278097904
560481744
4337590432
5092248416
933551328
3132097040
237701424
167981776
345388032
456367296
393815040
102046656
4905911488
4655132400
471316048
984699008
69968560
247382752
2940432016
229239616
5192372880
3551890416
411483104
45024816
-98088208
4057290256
665429984
2350420416
197072416
140919856
126887072
442914128
3764373680
384648000
4149155712
471679264
44715472
142292336
148569584
4539156528
1002427808
3904104416
361660320
2805674416
339568016
648970432
4028056432
1003682336
403674896
318536688
177061728
237697040
830801376
175089040
400404288
-12394768
3753831440
608809760
248085920
409740208
4299377504
249286256
476845664
4844265552
817171168
150504736
180837936
1123656080
278088304
57855920
5088515648
503415760
387224768
588479040
101448080
5069156816
487167264
207753472
128221040
110666384
4495735904
4519759376
3389269712
716259264
230107168
487721376
238336288
201735536
3790980608
4499056480
558521856
271959840
180074672
3582760784
4001319728
4779502496
3336776608
349037504
499483328
521865520
5167046688
807368496
159508240
655454496
3410555264
284752544
1103913296
201207552
-2186656
109804640
330684176
18547888
3140321456
238991728
164857872
300512560
5020696048
580048608
118186752
3824601488
3439977344
322615632
101217856
136179088
469721296
4454238416
408343216
334003168
4844092032
2164886736
4864744672
3545866912
439180176
3667734144
549450832
220721168
249186512
116974720
582764752
431435104
166493760
120687328
4562879792
4242564032
375289072
87697088
3466723792
483426592
72778528
53560720
3222965120
192985216
104702272
4961267696
4093499712
349742880
4442138704
882367072
5163795264
332318272
327612944
201465168
3773176256
5127092016
737950688
292886192
5114644640
2645659056
245339456
233692256
3870461184
5011671792
729005472
74393520
537385408
344708528
311602272
3159135776
496297344
-3291536
307817840
3344120960
908037616
162407216
354809568
3842754304
410373200
89041136
3746128544
731099120
268151232
63070832
3485438080
910718400
170006912
-176809744
170422112
-6904800
30348560
121513488
237112816
152378496
75922944
85687152
3387575168
443670512
4080488720
318624816
4827075344
384476992
92594240
193377168
444978160
7550224
30533296
4675004704
767194432
254950624
61408768
96320320
17293072
209517040
206852672
1031814304
154519392
915740752
4857635328
650464448
4896371168
433337488
3458628032
444754864
214141072
3442686048
752560992
582320176
321051648
171911744
306564736
4505485936
911289792
182436720
19928608
108874448
480577392
188789808
168553296
3619197632
760931376
81774816
565366144
195482544
1018991968
198015120
4711076736
564570768
4861557888
779661056
3895023600
4089783936
377708256
3053083728
620218752
224000912
177266304
411771616
4804812704
995282432
2562387232
409178256
183278992
4966457088
569712304
3559210800
4754191680
724475824
136122704
58864352
223400848
4067049040
453708048
3986907040
915864976
4267136080
374771232
425453024
3029885392
453381024
331010752
154260096
443772352
3709907664
4266055408
684741168
4980570512
696296832
21450864
-109956016
409981184
153629280
154542768
112422880
302862368
3435277664
584514192
21552336
197492544
3373709568
608361344
148058384
3866502288
257829888
5080186784
496983072
224430912
228218336
242711024
3275894992
309917584
66052992
3749646528
343278704
154839040
4370243312
2927772976
4670124144
1282044448
203197184
765272624
194016320
154762144
366055632
3933967392
3309437040
430861888
291564320
4205735696
475144992
571095616
306555776
330244880
92725888
177762832
142220160
4718760352
4254031312
458720048
98613056
5094354976
674580208
198406128
122194720
231830160
2822475472
3939120496
2917291296
458722208
69728400
312288416
423892000
3042083616
4713348880
674059120
326168832
13753312
163765808
165107968
1519976800
149437552
2321687296
4303878224
514208608
-14861904
551978160
3586352832
453867056
4754315312
3423371408
546028096
4069901696
1478220864
2249975040
372526992
634723776
75430560
153332192
241528944
4695724256
543640672
3188007616
506558864
120006128
272220240
5189709280
574967200
85198704
170525344
221291904
348773168
5172298528
4408764128
770675360
4869815632
506303488
145170896
192863632
281663648
167665056
4974236768
690618272
335844720
630100448
111575120
5796016
4092824432
372615200
172468240
-70273184
126667344
310942224
124813184
2550109440
5157591232
747536640
2931062208
456393072
185857488
3871451008
3714929008
5035050704
4159069872
466646000
335118112
78580944
80012336
2897995856
654218144
4020339312
3028120208
350291920
374209344
137323328
663345712
4937780000
3798169200
447140656
848390480
778816960
422634704
171266864
282828400
393308624
4504648432
5065595744
480837152
591401504
332118592
4213520080
630542736
129709248
4456155248
865111696
418493920
661427600
150264784
31105968
233054448
1340247216
4965617344
620955472
239132912
5183202928
4844729680
595966336
253183984
429309120
164485088
351270512
482392224
5216077312
441674480
152995232
4674654000
407484976
4969754304
4470931744
492574432
70973920
4048796192
271231680
283541856
294571840
4209316672
579096528
244767216
176675840
4547979808
4331499360
304738848
3301903744
236126976
4991748128
813065760
366762992
4582040480
605372128
3797676768
3861166176
4272128960
4246484480
900469760
4552190592
428825840
132274848
51212976
326882576
3466660272
4415698240
4372132272
472952112
3488034176
3562186880
527278944
163022496
162760816
5034111232
4302451312
292698864
136296336
197424688
157611424
3814378320
470737264
169933904
3617599632
610118240
2051331872
614523536
177896224
89172192
-41894432
215200224
5002116512
530170240
4405940592
4440214352
529480560
89566880
161625712
32438192
232334256
4350792320
4765334480
563017264
175215744
280508224
248892416
3823068304
4190126720
5248601728
755363744
322125424
86106144
3950485600
513516768
35808880
109939488
80972240
81298608
3669442080
596886736
170973040
4402738368
394228608
-119302992
245237648
5086773104
3207160160
545651968
220650272
235740016
185090096
296430912
3275598160
122918064
-12579536
224628400
4800095088
3841255520
5198611504
702386496
4420229840
418888944
3958886608
726136608
4674004528
409675792
10670080
135571600
140652448
3824580000
252391376
4469245728
558236944
125422384
4983100976
2945953504
304067504
4210174384
3305744896
398363024
52830144
110200816
299254576
98515776
163497952
5230277824
421038160
4001541472
415844288
5018412880
722048560
175612368
551668176
946008240
54820288
3205792
3968444848
420213120
5036478512
4852687152
344270864
425803632
4877136512
907410624
412440272
321948800
305870912
245685648
198385840
164663744
128648368
4455171504
375643328
4253801520
649440736
2008077840
395500720
5034019392
359276624
585762496
157330128
431393536
3721979248
633795248
349823648
344085856
3777570272
281169712
199376400
143598912
264732992
138834208
3255554240
673915392
168445952
115522528
4848184944
831970832
5105574880
701334192
225571024
157434592
252268464
263235648
148862096
5116542688
720976224
188782576
4527502752
696123056
4025810960
828412976
361744384
540816544
1847636832
3154522864
3395703696
3824469664
5285516080
649079168
5007872256
4778193136
4043366784
4357363216
406183472
1105674064
3710571376
3619307504
5048554352
4310926384
327482288
165442864
2808982960
339467568
362833168
387310064
141233424
4803204672
3410280192
2893180256
5080228384
522340800
273461504
1246343424
4388378848
377556720
4851529376
393389984
176643152
5030257472
3462855984
384572640
3913749856
3536958848
533521504
3127566272
457772048
3804283328
876883584
219000800
97592896
145098768
196778480
471868368
236124096
3816824672
645100848
377852928
290809584
3957724128
322599424
399742544
5252199904
872474672
4610732992
561364544
4890384448
683431616
545300976
4210507952
957264960
64192800
4073919056
419086816
2314727376
2097577536
362963632
4952413392
507394720
782297280
4674694816
3266504864
3906737968
4751925136
809053760
5095085728
340817312
4369090448
504753888
2798338496
2834806528
4106603328
2910785520
434130752
4071354544
2853433312
3884075648
3295064784
4944070160
374348112
2735870752
713103856
194659504
3167784832
527508496
5030713056
4592533760
483248128
4451750560
4803372608
5536732416
873667200
136739664
70307584
4459381616
550193152
3450783472
474902896
48575360
4081126080
4251474992
3491224864
4594844944
946405888
159991456
394843280
272739632
5197573248
534219008
92103040
365519728
346159664
69557616
3310893328
292853472
5088157856
846695072
306396064
3371692656
663623328
4022566368
4278881920
4691390848
4596036880
3822225776
368362016
4005150688
535673392
103717456
3840587360
4439333408
469737152
588059712
4131553680
788285424
2973521632
2994855232
3895201392
4674534720
886176080
121638128
51253552
308746992
76534464
4172696768
411699312
4446921504
1024717136
485183616
394063408
2693643040
248180272
105053648
4758216752
573475648
144121136
4405954000
500314912
107345504
85587520
75342480
145336512
177120112
526462896
311888608
3526835680
4549242224
633464368
196230784
243246832
376609728
3435165072
3539112672
4457905296
336985392
127372784
217858864
151982432
206277312
4876537952
4021122624
533855776
490338160
270227328
4666247536
373185696
443956736
3739461360
588674032
4432770128
4191218608
295505728
42648448
269179776
87806512
156019856
4354396384
3903260592
405998912
4940548320
2959786960
671258032
157746864
3708813088
5058436752
674114944
3854256128
4828650096
4416736544
3666741056
744120080
121926320
124894208
618875696
127570496
343700368
4838631744
4753898928
332217168
4049552000
4131278672
3496126352
227594080
546485856
481978720
3652351936
536259104
553668608
181461136
349756128
3307532816
1586133504
274157392
212977232
4130362832
565326864
4875468320
3713719392
4781323696
465186848
309383760
398571728
432913856
128730944
87686048
154493200
29275568
141164560
157919168
63950320
2515488352
3950012480
2810457120
3613159456
603277120
3966001920
449499072
3604499600
445330608
303582544
264190992
118372400
2903883696
732758944
393733408
374374720
257036432
4177678960
744500880
3594311040
446254304
55394992
2544279712
562065664
113184768
1679622528
4154388304
5173386000
3828728480
582872592
3855645984
425558528
3796704944
712493200
31332752
258943216
94266496
3617919616
867977184
358901456
3520384960
412049664
2883590656
4259572112
5000673472
3115712288
4533823360
314155648
296710240
332363872
49476240
213515232
90823840
203590720
530579664
5138931200
554335312
4015124144
338956560
101514848
124143392
219728320
62020656
219697744
213427696
2134578624
4013354816
516604016
136402848
150923808
184730896
236215040
3033855744
597672768
3456523136
709886496
3478837936
486665408
2782101040
269935392
181594960
4304744000
803270784
80382032
122676528
4953297360
4000033152
341610272
5229456464
4003262800
529939072
4804185872
5030111056
1245556080
241696720
3981637568
485911680
4548091776
983224752
5024856160
605839488
4211148096
461385728
4439486928
565716048
350959328
4841201904
4849797216
4723338848
3861876208
364099840
105701712
3400210512
323459392
-329103392
65382336
4584175824
368278768
181073920
4057630752
4174910544
3560984512
508205040
4193550640
4241726080
2999550256
4331397456
3977498112
3901735664
401990048
4950183056
360182400
63719216
3716738784
3729071712
5270679824
3812321840
3819375568
582596848
5035684944
564449520
206563824
213360080
3839825456
4547266304
530822144
3616749184
4427079040
4123329392
3269856640
5093851152
3226805120
234754544
74594336
244285328
239600752
5089701456
4503421776
3727654800
395496912
3452795168
322795808
3082234208
255119584
3944620496
4204499360
367532752
118949568
4210784992
469264912
3621745760
279751648
244056928
75457872
3394658624
2787311568
3417046064
407430000
3365110608
778828928
111580048
94546160
103394080
475087888
4228135392
3790517120
1151924048
4877977600
686484544
4028675680
4834671568
3200970496
4515169296
449166640
3240740112
573734176
4305743856
396806032
2934907120
4679939296
4536800016
3853176912
478215296
1492240704
3409086800
226663456
4516440928
4934043984
5199876928
4051161104
3658329968
511228400
188425808
3345805536
3009691024
4619895856
4887107616
629702976
3733021504
3925126960
4308057488
834235888
5218149216
950008240
407533328
4011945184
4904302944
642115280
4923678992
4128838832
404272448
61857792
140338976
3384527600
587289344
190495472
4545334112
366108896
295585792
56017920
4550708896
387068320
5033901936
3427890624
5141668144
4366580496
410412720
3880695696
525709216
4786090272
611937584
3325492864
339007264
348231008
44371456
46210288
5247518272
3487977056
535900576
314407472
3294815808
3605591744
387326032
403676448
224879952
232897184
56825936
98328960
164193872
392878784
4400230240
402953792
4187817840
4867211872
872688608
3810929616
446870976
4539801136
2227846192
482970000
3714550784
4516723456
246941616
-11191792
297945568
3909850288
5093199680
4521245536
3826603920
3741841312
3701624816
305308464
4470250848
385103296
25942816
4153129856
388930000
134207456
4465207040
5009603968
925862912
600826128
4997181936
454265728
4414655280
449312768
4973207120
3812259008
5088512112
3748298656
5229520800
684717536
394669136
292893584
62895328
316805760
-26475728
147251328
2937698864
484157216
933728960
4497134464
3801075792
615437984
195865632
4035112272
4524273616
5010081424
3326485632
621064048
449453792
4687924480
5163622608
568576688
159556688
4418486608
5066415392
4910237584
865875456
3728316128
3876285056
4440635072
3413402688
4519530336
4804771504
745158480
576214256
133715152
196202192
412599424
196418432
127115648
3439062992
739964128
433295312
149676640
375137040
201499696
3726237216
293327456
4209512048
4617832896
476875840
69105936
178393648
2944544
344421168
185525472
3839707600
3520778864
366194416
69278912
3300543808
4378106784
4279112912
306888192
295060464
109090176
126318784
151861680
1527213136
240865232
210791552
357017776
2262600352
4008826032
677913616
3526118000
3960050080
3220873728
415013856
5064110160
3741652176
4658053888
948052640
455277344
602508080
286122688
3628209696
4233488944
472072768
3467545536
3954252304
3726010000
2866384688
420697392
3526626208
4968824768
680519984
4391797376
442966960
100206080
260038752
4350593024
639299872
184586576
375392016
2893070912
4002220144
4925302336
528970768
5132350176
653455088
4956733328
5154304464
2998304880
604667296
288231936
54003888
254876848
117613536
-5045664
17086176
4267352032
659948992
3622255184
555414352
160908208
245054064
5099115328
892828560
5011261952
928649760
110294960
301733552
110096160
4846684784
3732016816
634073344
79769952
3726420048
4065353824
615323696
3707443264
4188849360
5109792224
453630192
4131980592
503827456
421340944
4754788704
3798720624
412324768
409256496
180690240
161134192
56175024
4121292496
621280432
3202976944
463713072
73583296
4034644432
384054432
3152313600
505780128
3656019056
3150056720
4979065824
3678000080
4066400112
5137447488
4829519824
681866208
3794989168
658689424
3519934160
520770848
3689226768
512857504
673187328
3472082496
493931680
157923760
35655872
285241616
525572816
115977472
4231144528
513586992
3849856880
485508400
188102240
3348763648
4457134496
606000512
825136688
4106101520
5164800544
524216016
264681280
53348832
164482576
4761654768
4132698160
712351008
200457968
390895264
4818477936
657469280
3748817920
4488458816
557831376
2729530928
4876699760
769120592
330465968
90406928
177303680
121118592
4300728496
340362144
-55584272
4350914944
4343809664
3001711312
4582071408
528620336
4070689856
476689184
151220560
3336673328
4655972096
335389568
3847173824
3045939872
699181952
335625296
186997792
129128448
320865552
4493555168
1058343040
125451744
4669719280
3806880592
529182464
133608784
344202688
2212625120
129748480
3735843712
4632454624
4453376304
628345888
157424352
3886319520
359567888
199689296
126093360
3710397296
4791615440
3248512816
291263376
98351568
5123321920
3107820272
283098592
3851394752
3085887424
452836896
293082608
2069541808
3661383440
501947440
135211872
4964834624
4446952032
398185472
208149136
3491498160
826760144
4877623504
4608768912
4829503456
1131654960
4629203232
514057424
211070656
226072384
70998560
3471507008
4589512864
3265998336
391292064
1150083136
135075648
3051881568
597475312
4696844352
698904048
289739024
3381098592
4482837504
768586896
327371200
175785280
62597488
319387680
380727136
311911760
4276315264
705530000
204372784
48109376
4986940000
422679168
3817523536
4394475920
3816731088
5129462560
540949872
3821290448
440330032
157814256
397532288
4145904528
425656768
3852715840
303907680
5184858384
4069731792
379932720
4990489792
4204671088
3418888608
410151312
3104315136
377163456
2832773728
3537977952
221971616
4921614064
4590282624
2848582784
4575997360
430809600
265467088
4483812752
637663520
248488736
5119183216
3540942176
4621771024
591359840
1039470336
3962184560
592564528
4397365216
4234454656
452524592
23697600
116634832
236558992
98922544
219970448
376883328
205609232
-400274496
125614608
4133552944
401960752
333978480
85938912
5156071568
768726304
3237465904
4289035152
349050944
1262657472
5122335824
5127934528
3999045920
265474752
3650604832
532621776
552298432
90528800
339429104
4631172832
765687328
2882807312
222883344
3690814144
3220722336
5231530368
469981712
3617860672
4365032624
2974285552
230483424
2146797760
4477771280
552695024
4554643392
3358276400
369835728
3319658512
351455728
162735024
172451936
692500832
4344283456
3401873088
197546192
472992096
406895136
104869472
424582304
157305936
3444310896
2455965696
311793248
3951651024
3338219168
522202752
4133592592
529724752
382651776
662231520
362745616
5040524224
403901984
4508530544
591952208
249732496
3590441744
273528016
4918514960
4451858048
3620292592
1315140240
3307466912
3586301344
414236336
4096673600
3853698928
441939440
3741473216
1119095856
386706416
97014080
16450320
5052223328
5035188672
427793952
3508880544
617337152
4298352944
3715087936
346949408
4194925280
711327520
201534224
3901987456
4294951760
5191363552
884860528
258877728
4898883504
359887600
139122304
2266584800
2185232000
5124954272
2573469824
244837168
3716370992
5079071840
884730880
4929536304
588843104
3907535136
2249612480
653963200
2474155744
308107600
3453664592
3832259936
412997824
4817355088
5069870256
580925056
604314944
3440554336
4378033536
4692631008
601314848
3942723504
4154375344
893761216
325222032
49547664
2511993520
4637537296
556288912
4979050896
442793168
184464656
50750672
1000502320
51295888
-40275328
3964931936
298884048
171187376
125233888
4258308880
2907400608
3922855888
223736272
430673712
4969101280
602722128
302980160
4957148704
3977633664
702154736
3769805904
221319952
4521099792
423401680
187064960
66286896
1156468400
5268287360
3326704160
5158705664
4771531088
4650434176
4444158528
417483632
4509734096
3120450496
3619341280
725727968
4003064560
4547565664
479396304
375509216
4460955072
836763408
461291424
3773869744
4295443552
474723552
395037616
4178033920
5152073536
4293807184
632006048
32468096
3436119824
2867705632
481114096
166862464
237337552
4741219936
580835904
5186485344
571928032
4074005488
4428734752
3224889088
3068689296
558128336
4418627696
4799928000
4473992560
3437448432
3789492192
5181999024
4859497104
414867040
336779712
1038644992
4859828752
672361616
4220285456
5068043472
393852864
143629776
2616604752
2804778224
1023205312
421121504
657034496
4783045392
1035522496
3749854736
4064501872
1736123344
147532800
4977851184
4763038928
3450486464
3827098304
332001328
5088623392
4693164096
938251200
4510246528
3105953088
4563294704
4794227616
638505792
190014160
525285664
4354551120
5119444800
542267856
407639984
200360208
3631832096
4505543008
4686594112
3108327744
3843276576
4790080608
699985568
281839600
97507840
78730432
2743549456
504655344
4229851968
3008958016
4432093856
418502432
97518480
518773568
2803602320
5191552096
476890064
100393360
71011616
24652032
3279824656
4609803584
4995522560
580763936
5025769456
487365872
3698405520
4355121680
3033000448
321418928
672249408
92909504
142565936
4056252848
4490801488
4399848912
259918672
3495360592
3968212784
3992138288
3336806400
3480034576
4953177552
576456560
558525072
105137408
3309889648
514731024
4234066704
3122102800
2332166976
3557841440
285292304
3394727776
3713698688
4579824928
4466473248
3927573472
406769600
3271652656
5264942992
4365073504
3558396976
1572901008
498301184
265062448
5041569104
3324512432
4599453664
4368780512
879668496
141888096
229538816
652395840
512852480
5180908736
722837216
5019890896
2260356272
362514128
4583907312
4436405296
918702576
3174051696
3640079216
4943344848
3901693136
5012070992
3986308384
437852848
196182672
4013541392
395959184
285724944
593474640
109099440
3906312656
3327893920
4124711472
429007856
91919424
397510352
5156261056
4245817216
5112046944
4620606576
3444718160
2462767904
3844773744
3496353920
4178659552
3874770064
4252042512
4684216576
4549422880
3708740896
695959552
3172152768
3792938944
4176086800
4441460080
1352721520
4734892480
3839465232
4620116400
762287648
5209164432
4438704224
4559540736
3418968288
538861584
5129956160
4354417456
5174510000
3760454912
3976283424
4407867280
688235440
50032432
4819939888
620292736
3697998592
3703395440
438829792
4474227168
673442208
3475046352
459313984
4497417056
353028304
84565136
204935104
3103221600
3120416400
4262051168
5093943120
4067912640
581093600
221407584
-3104480
3542233984
309657824
3851605856
4991004880
406276416
126049280
4125328896
2982633712
3325732880
406944256
4889726192
3686399376
4053571472
297671424
3105776800
4518498816
639382960
3808405712
300796720
120218352
4662737632
5108942736
3689599440
3129108416
424018880
4993708912
4595168080
746112608
3485345680
316629056
4055039680
5203541888
4755616864
903833056
3310844720
3019616912
3723914864
4034799232
3807928480
4813145456
3954178752
4905789264
4070001584
526351184
3435244224
3536559904
3998586464
4932921888
871687808
397003952
4580892944
4517188752
947102192
4133407248
658285984
3408279008
4950212224
4390835376
3734854176
5155587744
3411709472
488764880
3772747536
3857112320
5195169744
407718928
353919008
110619520
4418827904
2971336352
4624313424
360239280
4294563456
692523024
4403831520
4559262096
4260374160
4638152816
378404544
4098043008
4371016432
3943207184
558712864
380604064
4817240480
745828432
3305338240
3791896848
4282815856
4376833264
671544480
3255521056
4083370976
3675465632
5265676320
500148192
687734768
106943248
5163907600
646110416
3582750320
5174062384
461586336
199497456
4908892912
737214832
5047003680
2212096720
235562256
3504818544
890419008
4421892896
3829819536
3982976560
4653494336
4243561040
2076302688
2649009328
501032048
5196147024
4320174432
4266149856
320093600
4905316224
918693088
5193773568
485373856
309782160
3179569504
5173433952
4100228416
2971060688
5173226016
5067938928
3510628880
3711094944
4095525008
647244368
1140913840
4871333392
457466000
170157232
85537872
86253616
4531727776
4069697008
359195680
168814704
3023866896
1621863680
4084472816
4349337472
4616019728
4656264368
494045120
196857968
156008784
3152791824
372970128
170542224
4015912960
2795218992
3189661472
99984032
82069296
3793623856
3962064416
4854595920
5055989680
400432848
29030992
212032608
3987233168
666198336
3664944512
522555952
211346480
3325784752
4561307184
614560592
352672976
354804176
3863434480
656908848
4756149040
3852004128
874712640
146746960
3698232160
940665520
4104388912
5161824800
4078525792
941938720
3695879920
4860394496
3925186592
638338752
3212127600
3705276448
4918521904
4010631968
4943064624
4180119504
4551993536
4547703312
549905072
1060678432
4033251440
4130685808
3954652224
3642498816
932775376
3878942944
472056000
153595136
3955205856
3396838144
400421024
436636224
2184281456
3193715744
565111984
2092237696
330769936
4095877904
4361737296
4140397584
4402903568
814578784
5219265024
957830272
5169938880
544155808
3436838544
3611256176
3234825760
4196049968
4900674320
4751464176
700739728
119242368
2820228176
373664240
231529568
3759736000
198955680
3086479600
389922704
413106288
1263311968
179621968
3942210768
3769831232
4933985312
4145962656
4360879712
653682144
3958634704
539082432
234139008
156386672
4998043952
666069616
160514032
4595004352
2374242944
728118080
2800708416
3964081424
768867728
147214192
580404528
4390794896
364519680
82440240
3341351232
5151332352
4720964896
5126598368
4419485856
4418197744
3819769872
5215531344
504556016
3923317312
3777389904
436403760
4887777344
4491621504
3461082128
645018656
4873929472
4886070496
3354309296
5211903104
4517677616
5012182224
2553740176
3935597984
5126133104
4224554448
734173056
4097393952
418066128
177496800
3918203648
4604587312
4691024448
4491965904
3706253584
4134211792
3842104688
419504992
5163346592
4567328528
671888992
393741136
4531968416
624950560
356805408
392936848
370857952
3711285232
444051984
4104810304
366721392
3511690176
5302811840
568363632
3701659744
4223497344
5023435984
4904146336
518109088
3645803712
4846256656
4033504256
3560736352
903758848
4604580816
627051456
199883936
2919725328
3815641136
5155981152
506368288
3165992224
3247223568
729431280
235009184
4201720128
4980945440
3669218128
4642146592
899776480
560302128
327184640
95553088
4803079616
512627920
3470717392
261982400
4192745280
768800464
2993592576
5032629712
5070705360
667062432
385058960
382314384
3968521888
3486453504
416824560
81504736
413647232
155550640
3245465040
823745056
134558784
2742633440
516359344
113405536
83793216
33081648
4513432320
440560432
5041149296
3190934608
737432208
3562053424
4425866384
3097926384
249997760
4492086336
4847464272
699139680
4768235792
590496208
3550470256
912005904
348611824
1820244544
3954119104
918451968
3775884480
5081239152
5110683840
590580992
77475920
4303712224
3284463888
708740928
4329114880
357436192
701726928
66743392
4444733680
4754861920
4923510880
5002258352
5117399552
3727682112
4494951872
715853120
4820794912
3203166448
2063824656
521180128
3522619664
4537561632
3799562448
1871625344
3882408224
5167253824
902218160
414134400
3240481344
5303955536
555470272
213266000
181013104
2171353456
518563472
193363360
318924288
3349508192
435528976
3523687392
503273248
1629643600
4580948000
629857824
3806307808
985945808
410992624
4171165232
5022948976
999061888
3853891904
4054754016
4101349648
3871026768
496208848
226458720
4735874384
570794672
3901261840
4125054944
577461776
2317665488
4631201152
4410156656
796991184
3921203056
4387956960
612572224
2095917072
2012064928
4441013696
4832217632
4850592400
4715587776
3804920592
806085168
1250020320
160158848
4393435136
4954336864
3827555584
4542307120
521851312
150966624
3835247808
3184817728
3409130272
3873191104
670772656
4499838784
3125713968
4992327600
4677552512
3942489344
2339347392
4559703184
2990887712
5242396400
438026832
140038352
4432334288
4987564240
500751648
4070974544
4181148304
3824785888
347088576
3315096960
446431840
446340336
131816480
567929744
199220608
3398095968
3708754656
4144563360
445546848
3701426112
376402880
378152096
3551978512
4464875600
3817852480
4393452656
4027636112
2885437440
4303566496
517392128
4753764016
4898859840
555749344
4610546880
4964748272
2791441216
210264304
4219846912
822901952
85468272
113076880
130118432
99421904
233645776
299830272
165424880
161159840
67246592
35724624
-176987472
4471927056
633839424
4967732528
591754096
4490126864
4552806176
4884012192
4141600864
3566011152
3955546800
718382592
4714054592
3715334752
4825654768
882884704
4144343568
3552471312
409733984
183105920
989879696
3334109888
401235104
4158090288
3456074160
3331065696
4985385648
2849834480
5260906816
3058088592
612140832
196568560
179205600
4820802480
4311875216
4896930432
699288528
146436928
3420017632
4868721472
362805088
4920823456
4590853664
3351703248
4640651472
435481504
132073168
30808816
5069420128
4277743424
3408206896
387537072
205650400
4424294528
4050875040
659482880
4583142128
4080027760
850662896
3707551808
5130715776
3427420400
4167636528
3820375824
4914431744
493327392
304957168
5029666096
914034048
4109659136
4084369360
376791904
27172016
4473085872
4468168208
493914544
309489760
3720208
4267679536
5069354112
501112512
3504147760
331413904
324171296
3945323712
983027680
123108352
3845525072
4749321184
3297400976
4129725040
536250528
3400082432
4479949008
677815488
4287103952
3843140608
4173913808
4072228784
3371140752
4793621408
5048431984
3149245600
220307584
3564142752
3918764048
570725696
3771817232
