1.0379639043821953
130.57916069030762
1782.080265045166
-46.434574127197266
62.32400894165039
1135.8061790466309
74.30554294586182
-2729.4712505340576
-1.0988600245909765
0.09888323512859643
-119.20950317382812
0.012081166671123356
-0.032577168982243165
400.4165261760354
265.6704616546631
-455.06603622436523
135.78924465179443
-272.6375381294638
-11.009761109948158
-1451.0083312988281
49.2228519320488
-587.5703201293945
-386.47053718566895
0.03426012978889048
36.92262351512909
-9.89573124423623
1355.2116394042969
-0.04953734868468018
2.2194795727118617
-0.06433075299719349
-182.49847412109375
21.27311362326145
1450.4375381469727
13.688479542732239
-1016.4859657287598
-1586.025749206543
0.03369185837073019
2197.4134426116943
-2636.374051094055
39.67325210571289
-321.9979248046875
-808.6672744750977
42.135475158691406
-331.07574439048767
791.2946929931641
94.9711561203003
495.29640197753906
0.9053687741979957
-140.3845739364624
137.51882934570312
