939112208
3197358128
2968122432
595779120
4857091200
5062766240
5135668416
3232703088
5110324720
4222324544
3586488000
3115836480
3726465536
4238608224
3418103808
3231637248
5172704352
4408118080
4501446496
3206734592
2480301584
5214125136
4418442624
3725539216
3588596176
432001584
4213964672
332168096
170718704
4544678688
2250097248
4701274576
3620168016
4190406832
403928512
104119872
4313853456
4192443984
865703776
5184222160
4028476752
4241279184
678150768
129285328
4571853792
4739042992
5079215856
4630057328
3355997568
4253489216
3483518928
3015703456
5283992288
3453402208
4984430288
4734638080
4142625440
3741105184
77882064
4904302832
4201639712
4119610832
4223207552
5235898624
5089330848
4694931136
5103883824
578877344
4812952816
498397056
4543537312
4299257184
924025312
5175972416
706113232
3646474864
4317740672
3806937504
4373968432
5142184944
3672948208
4083532032
4356809600
3044937120
2738466608
4494848032
680795472
4628303504
5161739184
2153101776
739104784
3806537104
3636502592
270077552
161113584
4485163136
4816350288
4979372960
595595648
4516173168
4274373872
1990660144
4850813536
3257244576
4232228576
3857808992
4410286640
338043552
3792974720
4099285408
4259533984
5205182464
4891239280
3950288736
3458560352
4470963232
4946013648
4885928640
4346343200
332822352
4472416240
634706096
3876342784
4994884592
782279792
4772743152
4692200976
254112480
3903231072
4390346144
5411356416
5111843232
4830314880
5043588928
3450238608
4782800464
470502080
4227783888
3875027040
2310208944
239173728
4982681872
4808348480
473546592
3609459120
4417558336
5137587472
3866180608
4550779632
685303936
4405540928
4910974048
5002314480
4205045040
3699753552
5314915952
4318346320
3556759968
4502379776
4177249280
793176720
5013746240
4778602448
3542226944
3591023056
3385295680
4186249472
537955712
4487123376
414768816
3729932592
462539232
4567309072
4234580016
5187049536
5141085856
3399773744
4054513776
4319585152
4150234656
4341151792
918293360
4087250560
286519728
4684594960
5089832800
4731073920
5014271520
746112752
161212144
416366480
156790048
3458084816
4316154080
402490208
264549776
5087318672
455236480
4817479008
480509504
3350700272
3725937952
4967655984
4200089968
4062979728
3929887680
3248415136
476037312
4443575408
4443088544
556931056
252660704
4316864528
707159488
3868516592
4145528528
3773245728
737383520
3623567008
3643811200
482495280
231646688
162674160
4057160016
821687488
3543348192
3011048064
4634989008
653017840
4143299264
4051184992
3337768416
243828016
4466908816
3426425568
4337841920
3723562320
3568295088
726221072
4211922576
4204763408
522609056
2003186640
4005097920
386286032
4141095600
5195209856
3991806016
505559520
3603679264
273158240
3085645104
293659728
126103088
3856154544
3349700736
478518560
4784880592
4823503920
499663408
3518533392
427120304
4458152464
325241040
3928129648
379647952
3704752032
4020634064
4059994224
589064832
4421420240
5129630848
387690368
197025520
3805820192
4209161696
4104226000
3654774656
2373920544
365048096
4509691888
1244560064
4469578944
3979319024
3651383920
3622199312
1028448800
593636048
3371530656
4441831792
896783840
4247785696
3419788416
4857462224
293099920
3552790752
3663993344
5097417984
3205225520
4592647424
3825828032
2966223696
4982756160
3910111968
4191147664
4037001424
3577724656
4759225264
5129582384
4391525520
4032906048
3583377376
3595545760
3611073392
5301460432
3514198096
4492843664
4313372544
4730022224
4138750464
4950466224
470826640
3823713680
3590186480
3970804640
3451805296
485219248
4216762640
2069282400
4824029120
3997845584
3626723584
4860383040
2778854208
3536743392
373741664
4215993136
5334938832
2759202880
4860317744
4093220544
3827645184
4179660064
5114156096
4378078496
3964412832
3567179088
4408008048
4777906400
3521717088
3636460016
3784603504
5092305504
5210439904
5131795088
3701909248
214440512
5278676912
3513244256
5211472896
615318336
137793264
3398783568
681829728
3633988672
3398127552
4225623024
5273907088
4537385200
3537226704
587834240
4036466144
409488176
3648577408
298434784
5084825808
3269759040
221199968
4590923296
702049648
3571757360
479925392
4594295568
5000635968
5000483728
5215537504
658009168
4562244224
3586053328
433566944
102810720
237567824
3322123984
3472167728
4067499360
4192302304
4612506928
2848724160
3628915344
4466820160
5166530896
4341171120
5325052864
3994066928
3636195296
3611399248
285599872
5003766208
4114920544
4536454528
4204992528
4295123504
4435221296
3792307920
3531168336
4458825936
493800208
3500329248
4660946304
3922931104
5139164064
4231322624
5201401392
976537296
140819920
4570647232
562955488
4400852976
4346457104
4142420688
4238925456
3530000384
3871182384
3964599904
4158806336
4798507616
3763222528
4123243920
3987017216
3591434544
3290610080
243937408
5096297648
4975019216
5792481200
3546789824
3644181808
3500880176
619352784
112588864
4475335664
644140464
93520144
1024830704
4648302176
520613984
4355037984
497817376
4269301568
5203209504
3141126848
4499754512
295798144
3334635424
3751403600
4952048864
5066489184
2634595136
549330576
203244928
4481112368
4231196224
5212761408
3414745632
5304124608
3590520112
439856624
4306331184
3153322976
4910884400
4848139104
4244649728
4981651360
4998390000
673838944
919068496
4638577136
3434530128
3574685248
503925024
3590651216
5153933632
1249779968
4704754064
4194326208
4917460208
5125495056
4719758512
5134369408
2967384480
3766897248
4013046496
4477954800
959899552
4358048560
3711676880
3252997552
4159910704
3559499136
434823120
3764967136
4982168640
4442394032
5050767808
4814120560
4553588160
444769520
3948056544
5488909616
5139017280
5120657424
3173242928
5225244304
4265111504
3229945776
3529596080
4323084544
2302583440
4320153232
5179748864
296462000
3475801744
261146080
3657142112
3910086640
5038177328
3262652784
2018245552
3588318304
3606954752
1055202400
3420571312
3573498816
5199805168
3905061056
4859039728
3666861760
4394741984
3143979072
4703847920
3396717280
4953048224
3603439760
4256601856
5640814224
5120211152
407908432
2653102688
4553266864
3429746224
3526559744
3723443760
4111605344
612216112
167289264
139624992
4394877040
5007379040
3460881584
5203036384
5145959200
618291072
3667659952
3571554256
3089770128
2507186464
4513606304
3807295088
4530837440
3767611280
3950053152
4226448720
3892641664
4269340672
3374198000
291014720
3844687520
5137990528
3397117648
4403817056
4910946576
3699486576
5749110368
3610783104
2796434736
3716396480
5066210528
319096768
4226235648
3546742016
4674319792
4661882832
4330251664
4044582304
3255222224
4827791488
457576192
2414630384
5023197840
5050247712
3844163632
5180742208
765450144
76034960
5098706160
3633951264
3405127424
3634148224
529528144
2928566288
268708416
4731362096
3841478784
4963022576
1233178864
580464912
5159239152
3509604352
922724496
160100576
3608376624
4017969968
4445825104
319139408
93100096
1538261920
4594724608
3390780304
4775335344
760212576
3635996800
4342591264
4159765632
410625008
2666679344
434304688
3396069696
3853753840
4240277968
3673911408
5279480368
4581731456
3307088336
3666058160
4181949008
4631375776
435465648
469192416
4209272320
4633347056
215136592
3306602160
4538044016
691390752
4413308480
486040064
5103617056
3473101472
4356473568
4811351056
4844387488
3306517488
4051886800
4477639904
4986190400
3832227920
332022432
1423261568
4560512928
412538368
2728518304
2298405456
2567697168
3796404832
4019611104
4993506448
5216725792
528840448
251612288
4285702704
493410000
3646086832
4374817152
840877344
3556331904
3633432000
3806807248
3976998544
5176888800
692071008
2891808256
4046452080
3334014624
3054301376
293556736
3682088912
4738381152
4039521120
5552673584
4655574688
1045683568
4339348944
4822717968
338568768
4383858256
4890526544
720535312
3516381792
4914734304
5152962240
4350204816
456403552
3808267408
2791017520
3510859344
5281910960
3607644080
569931168
4014061536
586333152
3319807696
3732921296
3511042512
2536032960
4250369232
2795277680
4581985104
4177354448
5131103056
3792757072
4717073952
741349728
3455899920
4259419696
800245792
4039538384
242773968
4075801792
3914801424
4084556656
4556863488
3974486592
3582064960
4000802112
330006864
5067160960
3649251584
492238608
4562524064
4596012416
4822164752
5133325072
4293953616
3943038640
3847212112
326917760
88369360
3544791648
4406564448
4423288592
4085305136
2719374192
4866431888
4449743776
4045514208
3056754224
4126529984
3512142896
5064461776
5173745600
4292456592
419325968
3692498848
3906619936
5006187648
3961143568
2926535088
5278856000
3742904304
599506256
3945630656
3454771904
5335933760
4857071760
3652915248
5164004944
442201056
4390475280
4161451088
4151698160
3343302320
3975846336
4030207920
330714816
4641960816
4113865328
4267680960
3698330352
4403997072
3963147808
3985727744
4471216560
4544975808
4208428656
4942835952
4361819888
460086880
5041483120
2909124096
4629819424
3788094944
4800556032
5055094992
5255824480
4750879776
3917595136
279606832
3365590304
268195072
3630020208
3698739392
458779248
2291971536
3399829376
3718147440
4052034832
3583236064
320062784
454014416
2887016176
4753148784
4052515328
3608674096
4636331072
3694221680
1574034800
205802656
150654816
3821752560
3219696832
4193013648
4503641280
4059940112
4233914144
3081326416
1153157504
136618976
5189767376
4129889296
4084318912
4722680368
354592992
3611818912
337055184
3714942016
3800305376
3472342160
5325745104
3631667808
4285476864
4144643248
2133227824
3374068080
3737807088
4202533584
3641631552
4244879088
464168432
194874848
3077721504
3444342096
4278570512
4567704688
5046974352
3531775920
311152352
266049696
3385600240
480164336
3654771520
5172827696
3600036336
3839912960
357184160
3718199776
3826596640
4436446352
3917541520
4201030176
464768928
102480304
4229054416
4178584096
4086637808
2834329568
5158549040
3881535568
4526754336
320547552
161161056
77424144
3511120736
536901680
5237449152
4471956592
4295339232
4213999488
3083750224
4250730448
5052462480
5158252656
3477942912
3077690576
496183840
3495976832
4409240304
4635273952
4846844928
4257511968
649822864
104309872
4330281056
3439700736
5049493648
596665584
3893635376
3682828224
4542328672
3882550960
5223535968
2476319296
5281726112
664593296
5044054656
322351328
175325056
3962633200
4383856256
3220873328
4249265360
573509440
3615979824
3525719232
5250767440
3561030432
4574093072
3331812432
187885184
4320042880
3803991840
4417412176
4790195120
3939084960
2665758672
4597408320
4048547152
3396412816
2821162224
3546760976
4631461392
3721752064
486303312
3859329856
3664371488
3031505232
2886367120
3667795216
4097369728
2922293312
4118383312
4657344944
486268944
5171454304
4279225584
3952884496
3819105056
4138155184
534783232
2379600224
3696489632
2710315408
4024633248
4194865488
4121248608
3582712560
5058164064
3946299552
5055371984
774012720
73871072
4001273136
847973680
3632622672
4211209072
3476427152
727709328
5198908848
863199440
4444198672
3950959200
581995824
2172892432
4875187824
4423718336
433164816
556417264
220798032
1286952016
3547397568
4127096624
700312160
3765975328
2304602128
4215562448
630935584
4889710448
599275632
127038464
-8270720
36763424
88704272
3658565056
535579856
229237968
5273914640
384227936
4915932656
3150262048
3671457648
4208642912
668352304
224075696
376126912
2813760768
710541008
5073105824
487264656
974858304
3935545136
401344752
329678624
168510240
3886490224
359659200
172905440
3298422992
4297376160
258751312
32785888
54541472
78910608
3115642144
5019822880
608797296
4685228816
4468755232
454129808
135781920
351022848
1629241456
5128991792
469080304
3004425984
2743708960
512666992
125895056
3696709488
624403984
270951088
4402241568
536672480
310339696
703646128
152388064
97789296
4573417840
4059003536
432972416
59966096
85424640
3243356592
1060257840
4095627824
4693812304
3367691600
563599808
3303472880
336694912
5217819488
3413184496
4691088704
3870956480
276847216
4415706336
428493552
183968368
127716960
127194976
93260064
1100458144
3554719040
4263676464
3947354192
3154460176
276441888
3494392624
4626697552
434022544
189097696
3881227888
3209213248
2822326048
888072256
4473715696
3162283264
4943373824
418078096
105655328
-17517616
194760256
170735744
4819280544
824587584
4487715744
340857456
124714416
225324080
5221968912
579458480
3548268048
4933151360
4501476624
360344048
153278016
3413237696
297620816
3605530544
611822464
80458752
394340672
3819015840
613642624
155630240
5308733104
3721393232
352069376
413572896
106862816
3709392128
3406375936
3699834112
375999296
215352544
4329303296
485856448
2675628640
187218800
2263934672
3142310208
2272255344
919913344
573543552
395030768
292285968
4682299568
3609339936
4588165152
4885391904
5021529920
3800592944
4021845952
3366350736
404508768
3620201136
552922992
4216085168
2664104560
3724478112
4589577344
555779056
120471856
3958901840
405372768
143826928
5180656
312955200
99007728
4201529152
639752176
3215138912
5274063984
295753744
336708896
33056416
232039552
137469808
270683312
3326327616
533449984
182155760
3267651120
2271874128
3812197744
698951792
5189980704
896140784
123555648
201042672
2181979056
4603309440
611671904
194863008
5229051392
3894188912
413806416
513718256
467780768
387137072
4210769376
3720672896
853505904
4991212992
662599136
151505392
151870496
5334428400
4050232560
3901757712
4170524560
424975152
225218672
4631574240
4376726688
461261056
68555776
61838016
5239125392
5121100304
4199324992
1032226320
161284800
5231314512
4000308128
512580816
3409990992
3462697024
382107024
-238306864
3639550240
741065424
5203163216
645574672
183357296
3172552304
4677186432
380797328
74877120
3827542448
1578069824
4361172736
674254144
633852112
3517505792
501993424
87565584
4193687200
3637118080
980092848
4799260048
775369120
476482016
-81825376
771053632
210206656
2405513312
426121200
5058754016
818569088
260255536
126386368
4202713552
5133800016
636528480
506646640
3641441216
297741376
421579248
5163234096
4388919232
464405616
4365974704
4731957328
2341041568
483188064
5091431296
4115369840
5112490944
1297011440
3695642144
3496383840
397230912
61080016
480126848
638370272
119503600
190274592
220315248
716795264
380060432
3682890496
612511664
266132336
4228748160
420463280
135627248
4243235488
4311179168
583506992
3547153312
223299104
5159778080
3331678112
325126976
167063232
723493808
4301044096
4556481280
340210224
466654112
236663120
3555142048
4060435424
420407488
474996288
92173168
129046864
302225680
4587175008
773585360
4069989056
5215933584
394592208
473307776
371290688
28366160
223198112
70202144
3370172592
5321765840
4533147808
599929600
118874080
164341456
158531856
92913328
80485312
-369245632
3422699248
4686269248
544366512
103599888
5300839104
695039120
389295360
5005075792
515057424
3601461280
4073559392
327957040
2759378704
5157389952
3967496208
401399680
5109716432
735450800
3561824240
4300147744
4663513776
3774126752
1048881136
215790160
723058048
4358220800
513289280
420135232
252022096
126266320
231777296
456354928
4127200672
463817520
3808150096
4588150768
395332736
251921120
177671616
273400752
108093136
189046160
368879488
70050960
5353742976
4381360256
3871387168
422844048
206204064
650177728
4263649760
810784320
114054944
3556695808
414421408
136626160
244717168
107556080
91185552
3125437984
5189036912
386946912
3962123008
518572384
4316559792
3701239136
2726547072
171497424
4980153568
391581040
3954471760
691271168
4657265536
651315760
139186640
4441462416
660748368
4137588768
660147120
31529888
363189088
4367207408
334378224
610351344
4686285952
4366290784
322067056
5276899168
353268208
270872384
5274694464
4396934400
3556585840
499247360
108495984
4448436560
3678764896
544738496
3153303728
4685514816
376467936
29725968
3772016960
500673856
3576103888
546494912
255379712
294794416
4463331920
3999954672
709660320
91008208
4172989936
500171984
151064368
536012384
220564656
80064752
2600600576
4860406336
4000744800
203445536
5280952688
3088178176
4661105152
5124169120
486497584
3383360544
584368304
215841392
4211642976
516052480
4533466944
4540635824
384501392
4468836528
4103366096
4897755728
645820416
5035823472
840183008
490731344
3549602704
4309229584
458533376
43185504
3339539040
4021127488
518171680
3792871008
770180896
303179024
4447249280
633615504
425266176
82537664
147435488
267599712
4875395328
479484432
110488928
5021744800
936350048
3677284688
214055728
5077354704
5147573824
3505003248
4610476736
626593648
5057345216
1283950144
3358557456
325787680
26395856
3909161072
4161967408
3801262224
4159524832
4870957552
4681490336
3005244000
240661392
154425872
4994861104
3937205728
3855692832
1038188464
742024768
527369600
132081760
301343056
237280016
227801968
4261117168
3111195952
444953904
5166066096
996429264
190268496
4152526240
226638176
3563599584
378062160
3650291984
605473184
236186880
270847216
3744558896
265094512
5067784048
482593264
4632638384
570456928
295867408
4923123328
4093377936
4926815104
5145292752
4369190400
4654493072
4515061408
764870960
60768944
648701760
106282272
5047004272
439311952
65098096
250490640
337199104
2564460832
3435125296
629023584
226230960
4174720192
5119715408
4324084784
4491316240
992719344
187790560
80133584
715002848
360469232
525069840
223176128
131995856
3242044112
251870352
3661114656
4450056336
870253104
5207383456
4915767168
1857980048
4522002464
5294416256
5235967248
4006339680
3474855648
5316533648
4110876592
322561008
3871118672
4341210048
528366480
135213664
289431680
146522256
184445536
4340799040
383920256
290248976
187410560
4292749872
4124875264
5272280448
4782317984
3863881296
4205146240
612214176
3729770656
4431261616
325789968
403008896
51978640
3644024416
5018057952
4867885952
4716440768
610096512
3538950656
444156176
125293936
201448672
3865120320
5309670144
3791324192
4055985776
516534800
3987351168
5018273952
4897484480
3883756672
922773712
3629823120
4453079760
293675456
4601271568
416343296
4626572192
286777008
2444876096
3222606816
493519728
3699631232
600136912
3542005088
3704372624
3886545136
404663088
3671319600
566156704
4226117360
492427936
322824688
319841088
95536544
3579279568
211886816
4181240624
4106184288
481681120
150227552
3958422832
5250860096
379079488
5091775184
633348048
173792080
197653840
261208544
32239568
378768352
3614193264
5231048976
4967181600
4360467072
428220992
4578775232
753432560
165075616
164700016
4504177296
862181520
742433136
3431025280
414980720
307012448
540042672
5224252928
4265454688
497380416
3899758688
614862752
90256016
4599113488
411583888
178108240
3513665808
648573248
5129582160
812082304
4208696768
315654848
107937728
58555600
133640288
7035392
4169809280
382527264
231995072
4403234448
4312627648
5114796512
1402474048
521932208
229860320
329733632
3444018784
3598824400
657410400
359479968
3493159504
4579008576
3994161648
551546400
4131718400
338387600
151672752
134731296
4141907872
4056447664
295542464
2039243600
4175855392
3163658928
146942800
178782192
345091264
3098141792
283844720
5195092800
3092665664
739548880
610863392
167790720
3590155776
436620224
3617647008
3492752912
544205184
4461779040
606310880
329795776
197908144
144479184
233060448
130972928
102183232
84926256
3434571376
291836864
363879984
229204288
120337792
153954816
-112386000
82300736
121421568
2845346496
232358304
141690608
2401724256
4224261392
637642672
4866713824
972032816
4424327152
543521472
3881479872
244812672
97135440
3628479568
3419911472
3688391664
4572847600
464556768
298971360
4258072848
407270752
148184896
81201872
4211928208
4217056336
4472470208
3535366064
292319840
3217984048
4586809056
4920102848
4743816784
3251532864
4399109248
392109280
400047744
3701423616
3704650800
455038320
258607680
284378192
4461044496
4115268896
613825776
96172368
3676202400
3384275088
486970832
4172788176
825397264
150812960
123087728
146143072
428541152
4552476208
3525425648
4086069200
4800194256
782933904
4289622288
677252240
76468464
3638903760
3667894688
4189045376
454028144
38288368
87587728
89579744
444642688
198978240
260522992
4793092336
433212336
4449549600
4888423104
412084576
217334656
428698368
222865440
3969713536
3631352736
752203904
4557242016
1054142288
3000417424
281995504
91337056
2711871376
318541600
3959430016
3513369408
3758616048
3990182000
334977568
239026416
170197456
192567184
2944594576
399853440
135766432
439430928
5213500832
875059520
4235943312
532449568
1067595296
4195816448
582936928
4317742896
451211872
2793154960
186506544
177581424
159222288
129814256
47843968
317285600
194257184
149545376
145662512
3707134000
416376864
384878208
87991792
4688148512
2907856704
4152170560
5305276400
334434096
147274640
3177965152
4642489872
4491184704
4771942096
769474496
380124336
2172514448
3441683296
570912336
175665808
-65136544
3471563584
2941678192
5234112048
402060240
407102096
5200615904
3573169840
5266794832
561553392
90596992
4613924544
879649760
4493893440
4382809664
386535456
305186000
347516464
4613466848
3533819888
461468640
3573930448
1981221024
118820976
329361568
3776272096
609495680
230004848
459899024
518329680
191029936
161481168
622575120
293264864
145610480
321080640
3321953760
610205936
68744432
4078275744
1002707936
4905897712
4375677840
681649728
420664784
4950710992
359208912
4392130288
528708768
4484008288
839338144
2218044080
282278720
213877616
3608317168
353128976
3851891856
412669808
223592672
52588576
146514224
-40630512
56496176
5025271344
720035360
86322336
3375844048
3814536672
727605984
376766272
1579712944
113553072
1023133056
4210753584
883107824
250889296
4293762192
265428768
4377182736
600439616
5026217568
4345736960
485372672
275267200
154539280
3677084624
542378224
782536096
3169281648
425600768
70035472
457286992
612138320
205896448
155256992
6676208
4360559520
453502080
4701245008
574746912
145859360
5181419744
670635488
70051120
3276095168
4940458768
365722080
58950192
71501600
5092635600
3838159392
762593392
4316784416
603833680
4262539664
640219104
146496816
119964464
4862459424
472535472
4288552016
381566688
128359424
217181584
4481869616
3856955312
537698528
654838016
121403200
53122208
310511520
315220112
390239936
382810256
480730096
348143440
111508160
419821328
3948651536
5321195776
522136592
87974224
96678640
198617856
3902972240
526843968
638740080
303236208
884203216
276841488
123237696
3554652128
4929340160
3813721792
297077904
3626687920
4350913408
585910448
5212706688
475786384
44430768
36369872
143935952
394729456
117171600
170481264
195753104
4156174848
639958512
107332976
381692192
870074576
79947920
155303632
182384320
399183504
215626240
197821600
215605776
135582784
5203437136
322050192
4833086176
4776678096
431142176
256995008
883663792
136732688
168856768
432134576
427964336
63967408
108699184
289702544
160727472
4241983472
512923520
86541760
185982016
190561264
371082416
2465047984
734612192
137571552
38728096
337990160
79965216
3933390240
489908016
172908944
4062179200
336504384
150284720
-149806928
210135744
3004367440
310286320
346832208
388677440
323849632
403173200
464669968
4134214048
5003696592
801565600
99852448
142795712
15152000
511084608
5272965888
515025872
3308467952
704360576
638440160
91564768
95549488
3689805216
698962224
3632079760
342759856
125680688
25263312
4714450336
4951301440
564448912
294199664
157466288
3687781792
318232384
90413488
443808368
153069424
3619177568
679006928
212691376
32844096
65663808
259638192
372034672
376234256
5242486832
5008416752
503273232
82397296
460650448
190874336
65574800
3679073680
512681184
74547648
236791424
3807327008
254690880
229906384
4433768432
324284928
156055632
80695920
183313472
126839424
70965568
3321522720
481751760
4187382784
226825824
171742416
-205132224
141293568
3287985392
363365760
3504857616
304042368
2594539312
389548096
242696688
104172288
262279408
-25485792
200997760
409979264
291903904
187674576
149950672
3664007136
676078528
3167283600
963925760
5247310976
469049552
165709744
29708976
4818842080
266704000
4074721104
691184656
127013408
209127872
4283241808
253098064
162174048
473906720
154920736
2471762560
181667552
107771712
146556976
104906544
163427664
162845440
86354592
212356592
194853584
279157664
546521920
3779538192
4187513504
3912262144
421978736
99477680
109487312
78762928
97740256
400288608
3502056480
274023040
196830112
63051664
106419104
41885120
212882080
139337088
109229840
4550849056
471981600
4249418368
658548496
314957232
103537872
4027287808
433360272
115533040
101266160
4443245504
480871392
34229776
330589216
43223072
4273108992
562226848
61009120
206696464
101280672
74596800
4488177968
768050288
382154224
145027024
117164976
187387424
3638908912
620645584
73487584
69913360
149579168
3100199040
516810032
93613680
128031968
141964000
209869904
5238519248
614018048
169250000
674845664
497134448
216486416
168711376
3587239920
3962287792
530364912
690638944
216422560
281927712
242714512
124289232
4056251232
1336319680
99772912
230073840
142324768
4218669264
397488112
145137680
119027424
118563808
137386256
109412608
183146816
68783872
4873126368
4450037344
496508992
219335472
436751168
4106324544
4925874928
777967584
3123404064
206968416
179927104
343547488
369569968
268259760
20047952
4746302592
4651533536
472387104
959518464
124782560
295749024
2974263824
212772464
5189145600
3422507616
323754000
67770128
-39828448
3971545984
680486448
2259122848
190110416
127890880
23522128
394065408
3583636032
449345920
4146740016
362886704
104875040
146175408
103468608
4531683424
946893536
3814817600
462750864
3082862960
358833504
640431648
3924336000
914540832
446712064
246230272
193236496
294310256
830112512
207501856
338660624
61818960
3615482736
498164272
236519184
501036240
4341369392
312709312
609229040
5039806176
721965152
158337120
80802352
943960432
277441584
36114992
5109355984
449183696
406759296
474827648
73964688
4994943248
245323360
188788784
122733952
146776864
4733182096
4477131184
3384384864
676710032
160778976
425917456
151008592
214880656
3782130720
4276798256
518061728
241616624
142424848
3491396144
3939828544
5053931648
3352504736
378630800
575270832
475003280
5285738576
827290112
76102480
664795104
3464023888
303109552
1019426016
153696624
30731840
98117328
233011392
32949600
3073851504
202124016
152370528
273858816
5163553152
582795824
104998096
3760042000
3430885888
260562512
52686224
114492704
452885088
4468985312
452180272
205229200
4781871840
2215010928
5007717088
3545227504
381223152
3562336384
461608192
163624048
187291824
130364864
709674432
626496256
225560128
264964416
4332556576
4087225136
371200304
84604512
3566964752
464556560
107468000
42340976
3260306880
146311824
103341440
4840721344
3809347200
337984112
4388435136
813824160
5150519232
306276400
338574720
193959344
3626032592
5220303696
870766064
271042352
5178592944
2681568720
304608160
263220064
3812936448
5017946720
693258208
65403744
472798512
287740160
217613696
3259917520
548334096
131405824
239374416
3322558288
905837632
123392032
300052400
3698333712
440480640
134110432
3645039392
762867248
188740704
88342608
3491436288
988497280
181408544
-174839216
126708160
67527632
27514096
75266608
251664080
166042704
91643120
97832064
3518884640
360778928
3990868448
192876400
4628773760
272471936
15714112
135343344
375204208
28703824
111421184
4627755520
822660000
165639568
131656784
164770272
58271568
126177456
288618240
1126515472
123111136
882005120
4751142176
636431520
4905117392
429871264
3546861216
386259536
206298336
3413746512
745495120
451804400
277420560
116314160
308867424
4276080256
839071776
102527632
64849488
142491264
522743712
199638272
164539248
3534085056
749923088
96880528
618807792
164192208
1066312864
176676704
5107595168
517337968
5092293840
791384896
3718078048
4042072720
428067504
3124046480
658733552
195238016
136150688
372375152
4800876304
999813568
2531475680
550264064
220459152
5046179968
522010256
3542871840
4721434416
795722960
183008240
90067536
286794016
4327145088
341162912
3886301680
977721488
4301519888
373754432
318492848
3136413280
484592496
366226816
102750176
505252208
3577929536
4204720352
614211600
5052377952
578244784
41715024
29758800
449384032
141695232
129936496
73591184
286226080
3371213696
531487056
107569040
180158416
3434657360
559887152
188971440
3894641040
268569280
4887818208
553023024
299175152
247639600
195010992
3304742256
281480624
78305744
3676990720
255526304
62032704
4435119728
2894663680
4613866512
1313473072
77320656
761214592
146222544
187886480
400296752
3913160160
3341376336
351381264
241551696
4227180720
584613888
504930304
277918592
420077344
53706176
170540352
164489728
4926665264
3994054656
340795600
89061216
5248677472
645833040
245269808
141244336
261245552
2671582000
3789299264
3104551584
425522752
149615312
353101376
278470224
3035983072
4551290272
828383248
295761248
40025760
106794592
72772432
1560132944
118442512
2352918560
4332391856
324682432
27091040
600861472
3524340096
389772688
3962995808
3378613952
541882304
4138890480
1493145696
2292815712
456762864
652269056
147477200
141211024
164344192
4500424672
426795952
3370611408
485650880
71107616
249632800
5176197776
574611952
27578000
118488784
160044368
217115584
5168049040
4349283184
739212272
5159291904
429236400
195133584
93104400
249606864
115679920
4910872800
525617552
252482000
539584224
99647632
60706976
4011266656
299057328
52087536
12667296
150174736
320621328
127730608
2527872160
5097083328
674410032
2821171824
371390256
114953152
3917603952
3788938832
5238736832
4151189008
419238912
196438432
74523520
84555152
2865959696
717516144
4066981504
3069140272
271746288
204771264
96717296
594053936
5190348816
3863781696
411729792
836997328
654521696
364598032
152332464
242475104
346208112
4369373504
5093443200
443644832
509548576
321658608
4226011856
568538880
154089648
4292581280
793314128
315323072
707989536
139734960
98725456
386487968
1461475440
4918413424
514189728
198286352
5133123808
4991340912
520739232
228254032
360240976
197071424
367117568
508507808
5186012512
381807424
165415984
4973041584
407206096
5217478240
4433901120
484090080
39518704
3947837472
153745696
205706512
235756352
4275760640
528129328
192205744
19399680
4528635792
4249628528
323391120
3237540192
268368592
5143035184
853140832
369623184
4922237856
538554304
3750030912
3667044976
4233850144
4240440912
990282208
4263410208
401557472
90868592
81694832
298682960
3600054256
4278144000
4339897904
455327952
3533286976
3576682736
568239728
151095584
74323248
5135327968
4261154384
304587088
151754784
181738704
180202928
3742139792
436191200
182498752
3541204384
477585632
2125000192
570343872
129921920
131103664
-65570384
256551504
5153654656
538357696
4315598496
4442480464
414825072
46050736
211765584
79644112
136833296
4435806000
4746184848
557913184
160650608
312339728
163349984
3653518976
4158612320
5283795072
768061376
350728064
56021824
3732413312
443873968
156412560
128031712
112405104
138906576
3585326736
623443904
172085504
4260793328
310188592
-52392048
261271232
5265159792
3229677760
579771280
155400832
191407056
139021168
346761424
3370845200
190729936
41110864
169679312
4898289504
3749775008
5253726096
771407376
4493047200
357651136
4054921632
793770608
5108333824
464037664
107667712
101782928
137530592
3697628336
255939904
4518965024
649347616
128872400
5225661440
2880888816
321601328
4164392864
3397297760
350299840
81926080
202226560
265353136
68005824
214857888
5131514208
412737856
4083111440
403207136
4906888432
552502016
152762816
510458864
1052512144
73416016
91519280
3925045904
417629936
4787457456
4586221456
371240576
427170864
4810164576
895279456
350799712
374859536
279761520
233530048
221849728
153252656
69814896
4303639536
355456048
4161042480
640131280
2205718384
428351152
5063098736
377311728
542169104
96430320
458251616
3764653168
662191504
208088576
214206288
3977265216
237738416
43508672
124495184
244816304
60546800
3339198224
613136192
171565120
184072768
4764955840
735791168
5198041568
651438896
98333808
212605040
226113600
119027760
103558736
5019470592
657778016
114200320
4404149936
677704912
3955169072
784566000
222460480
558353824
1899188416
3204793680
3336477440
4072758224
5429673664
572216464
4986202768
4976610160
4038496800
4280211472
230204976
1046903184
3588300096
3617521152
5292072640
4247624016
225778224
184830672
2776170432
319826768
273084080
369850176
151896096
4712123344
3468006224
2664221888
5076534720
456845936
188912000
1111747744
4270069264
426375904
4690592384
470119632
185059216
5101743536
3385273056
401988688
3801011616
3507295408
477638432
3198303424
373844032
3735361120
873393824
63344464
116376624
172166048
197490784
479549872
172601024
3772381776
554807120
438470176
300053360
3895883728
379711200
357665472
5314207744
841400416
4528600928
374597600
4848252000
608663648
473317808
4326539584
813578608
104086912
4157974720
378342032
2367828368
2196769360
319816864
5082173888
587459264
826730496
4571421760
3354569776
3737367728
4644108064
781298720
4950781040
289782144
4270953984
456169840
2963970464
2741792048
4196250000
3079468848
386356064
4215753648
2829588272
3832958368
3373810752
4888905616
400318528
2684799920
703134656
294674096
3249006592
584800528
5003503040
4143343648
401979616
4378083248
4803142384
5531412480
861801120
150191600
89241680
4343230832
484899024
3454567024
465487328
51249120
4168291920
4503816128
3307558752
4498396784
858237776
224287216
447602624
350824304
5257937472
537923728
146025168
408212672
261627456
14676800
3353418768
340485328
5093470400
867788688
278345056
3366819168
611180960
4338802032
4157997920
4765146000
4505964176
3477344224
323569824
3976864160
547094720
108687648
3939743680
4498020912
421726464
503462944
4223073136
816643792
3012393360
3181382144
3889600864
4567737728
845892160
166628208
91758176
431488192
235741200
4271956336
332081920
4420052368
982188192
537748944
350903040
2707473648
305559376
187993952
4540201664
569997792
170661840
4374156928
438458672
121096976
168870576
80588864
134475680
261741952
454900224
247164512
3584116880
4355903856
639573952
130619440
197123744
346978096
3499258464
3628438992
4542202640
329203840
73511648
175210432
211770128
149152800
4745709200
4033402528
500162048
506267264
282503344
4522267104
482014080
533452144
3722892992
473089536
4345124528
4231690288
305811184
76366304
337078752
131809712
227042544
5247957312
3793084352
292142080
4854350960
2948624832
756106240
203354720
3857997184
4923790768
725107168
4050927536
4977224480
4318744608
3696267472
810923952
92618960
139993088
685611040
198826768
264674128
4694543952
4585648608
311013584
3865431104
4253762480
3668691584
171627632
597529232
348637344
3689232176
650115952
424522976
203746176
271692848
3340279312
1661403600
234039104
124013616
4065300640
599423264
5025055040
3801915296
4733287424
538239264
432970848
506369248
247136736
89829152
163936752
183470848
50850224
160980816
192680496
94611488
2582320464
4952428416
2944700560
3537284400
513755584
4008712944
483348304
3951995840
434662640
348822880
249412640
86223216
2875105792
682801136
276242368
281283984
142992112
4262469152
761020192
3634208720
465985536
72502128
2493549904
507789936
137212080
1866551984
4275862896
4953645904
3989906768
584637120
4006114656
426231600
3631576816
670319648
78914832
253446272
207540464
3620367664
789378448
435865424
3492482784
426820032
2975579056
4363210240
5065165744
3295231824
4389117024
350314688
277021120
254335456
91151504
240201152
139358128
108994128
460367984
5206499680
498177120
4196100336
357472272
149665328
194402848
289013552
202330768
261717696
163750688
2229007344
4111058656
494594944
188220112
141338352
129934592
224828848
3064552560
528857568
3374460576
634839376
3505907936
421307904
2900159376
305413664
186363120
4313750224
701880880
76052624
135681168
4808094368
4011097776
347515296
5183782176
4060209488
507809920
4715442112
5059706064
1355622336
250614864
3969257248
406606848
4525395120
1005976960
5048355872
585466208
4296619584
483868064
4244078080
431840448
174542224
4846229632
4717760944
4731871680
3948981168
299762752
118966368
3476897216
372980704
-273203600
45292720
4819796432
281773152
131023008
4195856096
4411416048
3563498144
466612688
4107725664
4358727168
3004455712
4452166096
3970299936
3872285536
262664240
4702232816
361032368
73564096
3656709440
4617203360
5403018640
3815285776
3644570768
485012112
4982040480
573760128
67101488
224930096
3936945632
4478686592
442090064
3603230496
4336116960
3597023280
3108051808
5416771408
3293788000
270154608
59302864
200942560
86090208
5038361552
4351269552
3672514528
394285696
3696247136
284114784
3019356496
330294336
3828056320
4272519728
481616976
142614224
4244917216
386386864
3539752160
168128144
305706976
190310944
3398153424
2731844624
3493526112
405083456
3361902928
652333504
137491232
96562432
213783248
570038320
4226595728
3772887056
972774384
4703531552
628460912
4126878464
5005189792
3230555280
4455885056
438435616
3258818016
560216400
4224359920
395030112
3008723696
4640524096
4407070992
3855180224
377969168
1504082016
3461807424
265482960
4337834000
4700428896
5075294352
3970411856
3731562592
516155840
138686528
3354363408
3186491968
4624226112
4769359936
637040048
3675364688
4008831664
4288028128
794979200
5118562528
965822064
311854816
3915996304
4888633840
666592640
5023336544
4186896176
394450768
132569984
179080480
3416678384
518980784
90686560
4758252496
372233232
302701248
132016480
4616354720
386185712
5177329616
3502346992
5144059760
4245628368
342217504
3897825728
426077600
4651630336
568098192
3406306352
312891712
270826624
29977904
127322880
5098754944
3391658272
554104000
236472432
3265189728
3610278816
272414992
293062304
136793952
205233616
119868032
63339040
150233552
430733952
4896263696
455640384
4259209856
4901222304
753403888
3768102352
513170256
4401510016
2235778384
580898640
3674477648
4621759056
255898864
48275536
181802928
4033181776
5103012608
4464687584
3741343520
3587507568
3790557776
342857168
4478601424
376179392
57605968
4143383632
249864816
133607696
4325327808
5074950096
833829520
523274288
5291574704
512838960
4260243312
424283952
5009837136
3719022304
5142304512
3692866240
5119943152
667785952
376634192
263898000
63606624
238228592
11787488
148805456
3026044544
317285472
1020960464
4556062512
3725052368
479176784
184916928
4013107984
4258663888
5245498336
3251598624
645837888
557947728
4485269584
5146611072
545645632
247893472
4386296736
5132202464
4939631968
883551248
4593846384
3855408624
4535762432
3443703872
4710818096
4843838144
675566240
512999232
182777392
201757936
440196464
205870720
159498240
3374003328
779028272
335943968
169091184
332282096
193766368
3670002128
306722608
3988243280
4380999632
459606688
82663376
265812384
65385232
389381712
64095296
3877266128
3474590992
263072192
55645792
3425685072
4285812016
4240376160
331682240
288819824
143736032
183599696
200109200
1590846144
217952592
283022464
329264544
2296359536
4057591520
620868064
3476334784
3739292496
3280446256
496574160
5114262480
3741341664
4312934016
1029144848
375841136
671384496
379508704
3629819312
4259772848
523631168
3544399520
4287375600
3776953552
3014818144
330681792
3500997872
4984474544
731370640
4376143504
336173184
77080576
350569552
4247767200
628077568
115387088
188049216
2980576768
4207164912
4772583600
483669744
5151538608
631576016
4784674640
5028923952
3118096928
523408512
242551760
66400592
268611552
245932272
108819312
63060608
4314132624
689406512
3562574928
500649440
203362960
256340000
5244986624
786019056
5030855904
846423216
83718672
220353616
79713184
4842703328
3629574640
705704352
144500208
3816079472
4289005664
655667824
3660568096
4387960032
5158095616
507607808
4183330640
459106464
330501120
4623285568
3682000912
402935760
388498576
218626560
123751744
72422048
4058226016
732613472
3400485744
477068880
128477344
4149277728
378650816
3185460176
480201360
3637436496
3113550704
5191309968
3698840864
4207492064
5260872400
4862036112
746550512
3627102464
601452928
3436710656
566037104
3671715408
531710832
634387040
3625198512
409006944
164515216
99027552
340215472
509821536
110434384
4327177872
474179872
3725786736
382110704
177695776
3324595744
4338200544
568077824
821448880
4051485504
5197428016
649039872
332564096
90436048
85098320
4970478368
4069479712
670237200
183455200
291667328
4668708560
564943328
3716719424
4507235808
431136320
2682861648
4760684096
658012048
263702448
143009520
122865888
143913680
4303410640
377932352
27118592
4209462448
4290092288
3059493344
4342212896
626970224
4000209120
496837280
164726976
3872773904
4484431616
352390192
3707083184
3081535632
736057872
460596000
214660320
160441440
430459296
4542873664
1036809648
126507248
4637147376
3829826736
492159520
184387664
362559744
2345775232
164310288
3662257488
4852279120
4313127584
595959200
44072256
3881992672
290180288
137842640
149626816
3611759200
4757617376
3247990048
300163088
118321984
5164511424
3173132784
304257984
3805069152
3078065888
463688352
298349680
2196990400
3711552336
499044560
88818752
5175822688
4441898080
428563264
3843024
3414393840
874267360
4656454064
4272238400
4778553888
1047296176
4969416304
575960560
77936304
385516688
61146800
3596017664
4519216128
3337378496
327534624
1027585040
146178416
3054261152
600725856
4611428848
725375984
274656528
3508677824
4506936304
727285568
132970160
94900960
70017264
311541536
457406176
220918464
4467489120
635465024
158667792
59200576
4946320976
430655168
3732828256
4409693232
3751677888
5244833360
665175488
3724758368
494134240
198316320
406927584
4212349728
370826352
4166029760
307451872
5055771712
4087755104
454606800
4980045280
4174931904
3491529168
292568848
3105045392
382472528
2821417296
3549351216
259979360
4921150896
4609420912
2800128528
4516224048
432922352
292871888
4414202208
514910544
99806432
5230453024
3591472752
4177432880
538716432
966304336
4040782016
688036624
4173020144
4173640592
376131568
53871216
66754592
247138800
166105360
205040064
320115680
84380896
-403326320
135563264
4236149360
381228304
289319632
170793664
5257113264
905022672
3362039616
4260074544
342984528
1257515712
5230480352
5167503152
4028162992
170126768
3541933968
625514000
436197920
127213968
336486336
4314840592
712120752
3008769280
312049968
3611746128
3289563984
5303077344
457398512
3550828256
4436306304
2917958048
225972240
2169907232
4380766032
493434864
4411090352
3367465024
370968288
3366775104
320822992
131396896
154901360
695725872
4390822848
3567314656
154966416
417489504
476277104
228126144
383728896
101508592
3528594896
2313105376
344560880
3958781968
3285594608
471469056
4170101600
663362992
368776816
606854816
251477136
5127887376
354736768
4418990416
614581296
268525536
3621891568
320064608
5205466976
5253054256
3706473552
1438124432
3411643584
3561613952
311119872
4250014912
3903689440
371914112
3700543440
1131255680
365816208
186638640
55287248
5216853424
5046629568
357961216
3534249520
544817488
4357177024
3807389408
356049520
4319560816
678198448
234908496
3927660832
4359352896
5218823792
830424832
229263712
4952884000
300001040
89106624
2182569648
2274605376
5283340400
2683226112
207205968
3696614240
5121149984
809790704
5190520672
666091024
3864053584
2233546784
549522272
2540772832
249558864
3549058832
3739832768
371563520
4702082720
5137894208
654388752
590881840
3553596544
4212853952
4621560480
493954272
3958846768
4146208208
938491712
189867280
61431248
2523790624
4506717264
504526928
4803239920
265135136
188219248
79315456
897937872
116064432
48402992
4031345152
265546912
240479600
102912960
4267492032
2866853600
3765010320
241684592
419983424
4885177312
572771104
287893104
5148653248
3962248400
536988800
3617731232
204977744
4306242528
396843680
14724256
86445952
1106194064
5257920832
3310038848
5062902880
4542697408
4962879264
4480677392
473085712
4798574112
3256074640
3659264240
684819856
4120628240
4696102240
362348624
300181936
4357063328
812156352
456317568
3378434496
4104845856
419805680
446108768
4265932464
5225651328
4136321168
562592704
15362512
3559810912
2986145264
445574608
192577440
244250688
4564593936
541026048
5133690720
481985248
4139694736
4485777968
3282629360
3243231712
541309968
4304920912
4716259136
4290832112
3390074608
3733077360
5187412912
5193987200
523248368
360843728
1009671824
4744992224
476420128
4368029488
5144448624
391296736
116241136
2457650304
2878429712
905097824
263130640
627795072
5064953344
1040318896
3596519456
4113228304
1881650240
224033616
5123131664
5049961984
3423140704
3716437136
252734032
5190463424
4494443520
888533312
4459984736
3157474224
4730203664
4679007648
559879280
190626672
479815664
4328834224
5091498512
642992240
361571600
227262960
3589952848
4616352640
4548536768
3227670496
3626912944
4735193328
853262352
322686800
84794656
4259616
2609197888
446745392
4307956960
2962998544
4246879776
344806432
102925504
495913584
2834852944
5184091152
450868736
136716976
86782304
62371296
3354237472
4571275456
5032870848
587444512
5148978000
535508832
3554453808
4517667856
2985414944
270775168
694316432
166251936
247268816
4158281568
4470538224
4252062144
298089664
3554796672
3973477600
3809573152
3367848816
3393479200
4974123600
619554576
501809728
967248
3430379552
602567440
4158907520
3018627056
2374035360
3541083440
262337568
3444620896
3627553152
4532883632
4392402912
3762071888
337587648
3284683888
5262315152
4188158768
3440225376
1600749952
437167360
250157344
5093420896
3410967680
4861068384
4204919632
870353600
178315360
177595648
784901936
519799120
5182626192
708465328
4957575008
2218709760
309649312
4387036256
4433663360
886776240
3197978848
3683913616
4847496144
3800080032
5007460064
3957491856
417008320
148711152
4139126368
422184016
279116048
670500496
169771632
3870925376
3504354592
3911918256
542626528
101122096
393204576
5147104800
4566252256
5229112480
4606745808
3314000944
2378836752
3669630144
3456528432
4266201616
3713880896
4128056944
4516923776
4503960624
3597211984
682765520
3093688368
3799668320
4237453872
4362127520
1412466768
4840196448
3681014464
4508747136
868871856
5218084816
4371468080
4189763536
3352588832
521410560
5039061936
4175716048
5267210448
3602308768
4070943408
4375059664
623954992
93294624
5097230816
635442000
3572259632
3721369312
495577248
4537784448
616792336
3546677312
402532464
4448432400
336526176
34741168
244874752
3022527856
3247808384
4278717200
5364656832
4090665440
680439360
191644512
56399504
3506968832
296044912
3912384016
5219989408
362020304
198183344
4176605168
3081224400
3448924368
453337248
4967292720
3710305536
3919542576
427021552
3067683648
4364804784
642779264
3738476176
297993152
105513696
4411050528
5205707456
3620248384
3115759136
304973520
4905302272
4561479424
716436416
3522718256
282413616
4102769664
5237188736
4673233120
885403632
3253724000
3130256976
3682420592
4039198400
3769122144
4532548880
3877823792
4757645312
4187751056
585664800
3455499824
3616882448
4073502672
4959495504
861519920
311372160
4489029760
4429022320
1023089024
4215434896
626501104
3423263456
5209022448
4120319280
3508103760
5123914512
3454454384
420159968
3654471040
3709639280
5077933984
412775680
312871968
226434848
4355049808
2980657856
4573384960
329068064
4696635696
726036240
4483747792
4412758128
4183059856
4493575120
379011616
4163118336
4323679360
3566521584
403450608
240408048
4756944816
727346000
3405222656
3701224256
4241115712
4388949200
590128656
3373392992
4244605872
3618577456
5257845920
501835952
589159232
100185616
5131659472
682283712
3500185024
5155880000
468354896
199563904
5212700256
660660096
5117637328
2186697584
247875920
3598715008
917576560
4225770048
3742600352
3990172432
4554549680
4104592112
2107983088
2543974160
482872176
5200803264
4201513488
4204295680
332874960
4765826608
957070512
5163838656
426446672
258770672
3154877360
5265957392
3522991424
2943388768
5359484496
5154393312
3373778848
3656126512
4290160368
622033264
1041016384
4675370400
527635040
94820512
23271568
139535712
5232927344
3999880496
300420544
131787280
2985454896
1666650720
4086815792
4385424304
4570568624
4176987200
500411552
198826528
59499792
3186046352
434740928
186685952
3988652768
2792181584
4028283104
133848192
79623888
3508895616
3938849584
4669821760
5111405216
428070416
48912000
228543392
4032569376
678655072
3602088400
363947840
103564608
3366547792
4502021984
528696144
465441184
259959616
3882196480
704199808
5041013424
3967575392
866313024
119388320
3693461792
903052528
4159150448
5189406272
4016726192
1003624480
3630987584
4850922112
4050558832
668222832
3270884480
3621799968
4798701792
4095829952
5093527936
4475475024
4592673856
4602627680
540497776
1007598512
4068822640
4282170704
4022560304
3611063616
871701952
3949311472
426042272
121177616
3918897136
3439784224
439108864
354907936
2182770176
3169704576
522809520
2149243024
219639808
4096486784
4394317552
4201388240
4472225632
879675200
5238949024
869041760
5083842976
529174608
3459530432
3590635488
3244207984
4389937904
4938661472
4724324496
719129216
108104368
2598316832
363037264
274900416
3947587968
390374032
3157432400
312793392
412420672
1307001248
218529632
4027332000
3867465264
5199451344
4149368896
4315283840
734687424
4032042672
386961232
221034752
74441152
5053470672
585945088
232971472
4435116016
2296662896
667919888
2853215152
3804193488
778054192
211420368
583568144
4299082144
327016880
151901264
3432444368
5020233936
4573042432
5153674880
4305806576
4460542768
3638415488
5232288928
551492112
3769452608
3762458192
462374384
5233201712
4448992144
3538594064
600024800
4656599456
4895951584
3363827488
5134667952
4740212048
5220840432
2590229552
3829974240
5246114688
4182247616
716805104
4122696784
364475328
73918432
3945957648
4445895600
4499254384
4449967904
3701236336
4111599840
3820573888
362952480
5209218080
4575544800
712757568
395177296
4346339856
602074496
401561968
404245456
436348128
3579404384
348052384
5022691632
481246208
3395738208
5267208768
480725792
3699024320
4282505904
5184943792
4905139328
589045200
3582548208
4556083376
4143029984
3588541248
951450544
4962449184
639891856
55895008
2901049680
3705850176
5013131504
471660960
3158523008
3299442912
679808816
230893136
4308117824
5137671840
3570857200
4430941920
791890624
471338752
258955184
60328320
4584619440
520034848
3529583120
193737120
4167662368
855449472
3075329312
5216383696
5083621456
694721856
282689216
408097312
4097149504
3403492688
397930496
-17740448
313228160
198193504
3276165872
850880464
149058272
2788730160
483267728
67689072
126269584
-35754032
4834040224
334501120
5190707184
3382878800
701168800
3595533504
4335749776
3037118096
217918560
4459371728
4786210032
762164080
4611696592
540742400
3670657328
868107088
222521536
2062131584
4076593168
936767264
3653671568
5180707504
5123818784
544114288
93269312
4290113888
3238122096
785410976
4252072496
316780128
754430080
77964432
4281798528
4552817840
5148003888
5119319792
5023334240
3523303360
4384898368
664316688
5122500016
3283580496
2253063664
408939984
3670904304
4804603680
3965110736
1955475888
3985382480
5162016768
807413664
400925360
3248021760
5280082560
599639264
209458272
78207168
2267857104
369662128
165687408
294460256
3384862832
431656544
3554790912
470147152
1648407504
4329536304
600019280
4061262864
888225520
441021168
4125920288
4941745344
937358496
3922356080
4055675952
3922574992
4103935200
497656448
264815184
4794242000
458196768
3660857872
4278798752
561963424
2342164208
4481106464
4574540672
622948368
3905927040
4255152352
499024832
2179411392
2129581712
4664144560
4876218112
4905991456
4537665536
3806867984
787023648
1273384688
255065040
4481036928
4907020000
3950232752
4370636640
552272144
152817152
3704845888
3138134272
3483208800
3917537776
609011552
4318576976
3131822096
5128264144
4790549728
3996159488
2330829808
4464536208
2947438384
5364354640
444163968
116804160
4450180704
5081236048
423202400
4161362624
4152341536
3867325520
303340256
3318652688
415527456
397423680
194031024
527306432
157207216
3488360416
3688471024
4374844304
404236992
3529781552
279758864
228918896
3640702560
4384756272
3964623600
4190787680
3949718592
3106928688
4422387920
482455152
4573659728
5102677312
533290096
4502745760
4947858608
2859492288
195569648
4225505056
814797312
130011008
146223424
177430480
130981200
212750352
228257776
202006176
136061888
98807472
104472592
-232457056
4375905600
581985456
4869138560
662411760
4337619968
4420039568
4649137760
4211805504
3632610384
4037438096
698746800
4406693136
3487926576
4928650512
932147760
4220299328
3511172416
429641712
188433728
956980336
3305603728
431146592
4421084912
3300620304
3296098912
4890693296
2959642160
5224728672
2929874320
524011696
226513008
243144384
4663218544
4483528352
4920688720
806048368
180251216
3431481552
4887864928
335256144
5067456320
4048119456
3125886448
4393594656
337034000
162045392
110128288
4595618608
4110427952
3361083184
441460016
119439696
4307210304
4034136624
645954256
4488149056
4131098864
837665216
3662287152
5243154368
3511087344
4315169216
3904575424
4873746128
438114752
278854464
5151610832
795639824
4111417616
4160353056
448177600
125362000
4200379904
4429288400
387393504
336468592
108690624
4273958560
5284588112
438503456
3596008640
403893632
263452128
3972655232
993003840
67476368
3928574176
4618739088
3334035072
4135957376
582383952
3486882128
4463592272
712734464
4233349680
3692192144
4177226720
3980279728
3455995872
4771024672
5120961088
3182081568
253699744
3523086720
3820239472
503137152
3691778960
