30.271017043670643
82.40781705909033
86.42922635786712
63.05345763115183
102.72763756839844
33.28512218315012
50.1481083643345
15.02089131519362
53.60341100761665
1.1232094945471636
14.164718462477774
93.43385110862846
37.996883174043866
117.23836517604742
107.61872891903441
47.49372097702582
108.53692266487639
9.4979370099838
65.19892305429758
70.84666762248405
10.858156171649124
43.11822850800466
36.95569556493828
8.751432030606422
97.06560324260144
96.29558946501942
106.46255633382262
40.295683375780015
102.02039998189832
71.80972629101386
48.458794899533615
36.763224801483716
150.07024522473074
81.23642709576595
47.27365995085135
41.060806199901585
103.914789471586
82.0685691232309
121.99127127645671
39.2755221275235
31.684405495683663
104.75089040411099
80.34366020379272
58.97540420390326
54.61658057368125
3.9351737058648983
80.98970925176424
2.4111148022538194
3.9243097295449796
87.2129378852286
25.492964369543827
88.6007064824893
49.811641279766285
71.76401473405636
3.631698520029146
4.978968959674493
76.07387033411727
70.91097096851541
11.729518068761868
119.74156676413921
66.29706941866597
74.44026218568659
8.552751537381816
3.231901811096929
94.67609261905385
89.8844190511283
98.82792983133794
85.18375579520377
43.3967889334081
71.35669785450662
47.79902616040653
36.95205130280464
109.5267373002142
52.12610754834023
118.34526037288529
118.16727609099301
77.82685038865185
140.24072382455927
0.3268916683360247
101.10319894859863
73.85667598709637
64.14848551543032
73.78849620274667
101.53829372547983
94.13755624073205
83.78451864648332
102.22731169650979
5.1598268496180575
96.01044486995923
4.303629570753197
91.5125189955476
80.21482063706583
12.920684381995686
104.94495694508909
7.560990639367699
61.7138215639481
128.98053545388922
65.29044352594495
78.74272385167802
101.7632078077169
55.25705461956754
65.75675387023358
77.73192733938494
35.72753118683074
34.15969447288022
84.90163692721751
7.863601325664807
93.13465405050283
100.11154508436128
23.198061283295512
11.984963412242006
65.34175059892489
55.85456614701351
1.3845801704117633
3.5405057227021324
86.90592534797509
117.258876600779
114.17514835973554
4.488142672014137
90.70718930775618
76.68136577886212
23.94759717103125
163.34194146750696
45.523505452647
76.31144197238547
60.62557281869794
82.80893541838259
2.402434540341212
66.61593576798262
67.36777271994539
73.01334146433796
109.08721164744465
90.77750249407893
132.01314772365222
55.258028535780255
82.4780168581091
115.82305385252081
91.82280730959121
79.43359074446695
1.6157199168388239
88.15747634316747
7.192099784351484
66.38122121253778
115.43228465468368
10.136198772280466
125.24454819218607
120.48122051423417
1.4904602677689844
144.53615596272212
144.0335264979847
109.28613074197814
103.04303804990937
92.4337920976043
96.6678986391986
45.59610882217744
89.21227071861678
3.503508503977109
78.02464989391491
62.12357058545998
27.449567357675356
2.1703145692920027
102.92819219779764
87.63151442158022
3.6998813861277204
61.7800605206074
80.8172489820621
105.90405904399228
59.40764718193238
81.48549856014198
8.79627380169566
133.37107965723496
96.59529932079398
98.33647397347572
74.01378959002115
149.03183213200157
129.62268860621577
78.90165581374475
51.78262156181062
84.9484170973165
69.17012725410332
10.729176546312402
104.28246655002215
89.63518502194984
49.55132014138102
46.42123144011558
46.19788299622461
70.81746132687972
5.026322018314364
88.68420644928301
3.453989656570944
63.9433510879184
4.28994284339694
89.85730950160675
73.11775521249352
104.65303877720221
100.23743781956433
45.03151812307053
67.80036355939723
74.9806810642551
66.62284011840339
76.42972517660631
10.563193211136344
69.85314197961195
0.9526558266541435
92.52327560018823
99.93984837000464
116.86714030712133
114.76724792773527
5.571098691198609
3.465517139545528
9.985574183724284
4.06454071456427
54.97633298118759
74.00446656655869
2.3201447797321935
7.786088459207325
101.3886480964422
3.7001578086173805
95.88333613566788
4.488005417765823
48.478311664768384
58.480923343341544
96.90293534660259
73.34573116962969
66.76909284312138
60.65049728386609
39.43176977366199
7.337888621488544
90.71422096465241
85.96674038761111
6.887707284377506
6.308424849827955
86.07910054843423
8.570763586126253
66.67347974561712
132.9558978300621
62.01402700307854
9.399879386735241
62.70607355028195
50.49583085486272
6.102270706241946
6.58149250123045
6.926636219877371
73.65185882392566
10.966159651123048
152.60886809833582
39.32703188569715
88.96221831088951
6.685279702476711
79.36230182143086
67.72456665401538
41.50751359436091
1.0201740997376265
88.75420452157014
46.614139728936145
76.39432890762254
56.71520933186581
48.04382672749141
10.6488712046919
135.58064589865492
78.39052857054276
6.402705778838281
30.51950202836064
68.8457510353332
3.9726589882134324
74.56064735871911
166.87292844232098
72.28429540881137
5.4155483760825005
60.43311093939314
2.8779692882539636
42.95967159226564
4.2740253821434635
2.297985762105663
68.24774245264204
44.70739712708831
6.458046803821594
96.14112759668521
94.99601964165765
3.3907625009236577
56.16263276666263
4.501569367381005
87.53546908202452
2.5006646784130555
67.23183599301066
3.0704478427248887
61.4713585994824
67.1845003843759
130.00985671831305
8.661346551771016
84.8848610759341
97.47366373964735
2.0359458822382797
6.624795408723489
66.14428967412793
71.24700356964239
68.91781220606352
53.69152157819899
29.597969519346456
4.936216296888504
88.22441053061955
17.938296914011048
128.68611581351004
68.48675681556452
52.90185482483987
50.339505396941696
14.772361048789161
12.355584174513016
49.42214127832491
77.91634321943705
14.43943108337537
132.24445662642069
53.13787332875306
121.52078925661044
1.7834836345212783
56.97576750365187
53.82154673541965
117.84373948462769
42.09838449180161
125.95428559884135
63.23717411254739
36.23363145910933
120.33077097236166
62.61712357648145
69.740587238817
65.0263947880793
51.06136590760135
87.85064621988033
100.35925125348717
122.15677368421692
73.17401114244163
55.10458088636848
56.90406927682144
52.93099026754339
116.43715359587875
50.369126598971384
76.74948844029086
71.96799036263718
121.10880160304058
73.82280323022121
114.41076222302073
2.849823869324825
66.20732676858071
52.88242541133133
62.740797110645474
46.0585940145518
4.815131362111677
80.09385547162242
24.97249499492039
123.54739170110497
64.42259988621964
56.28193693022323
93.4361211012427
30.174668320138476
49.03288051176095
3.286515208238345
77.66270915675989
109.87715062185694
30.020283451400054
94.01382521698594
153.409425231529
69.57545655205395
72.47731165221792
99.16690559691591
121.66729716161295
68.04645653151573
50.7087886610357
83.03042439336342
89.20530325621925
52.08179965549407
56.70763642435968
58.1177999286783
115.29462627493511
106.84944253700556
104.42109864092858
142.97434160910765
1.3431306744186002
112.0108088641861
51.78817789022429
102.25408511909802
4.946750276787725
2.9300823969423826
52.324130610069055
8.751130723757196
58.41298002294282
43.88210898397985
70.1306827330424
104.97538398921591
155.58962260962468
55.44090224683932
7.825527240531702
70.88761756417625
2.669211517964908
57.97973338191504
2.587341231162437
104.4685467813706
43.60513898902814
2.1239274309701734
129.47705707203593
7.200535652613305
62.3702883903685
5.464446246572049
95.60439834515074
94.42576771431737
112.78619114369565
102.8868717571647
6.300991943492436
91.94675708618351
53.94111748623263
5.45506937925615
1.9702019560704036
7.211147590065458
48.09763204461372
47.20394221408887
68.14461825647416
71.4427985550691
89.13070566791869
32.98076142576085
60.31634375859764
126.1187552824163
102.84924400041055
123.34793433785619
104.59128858232839
62.56248954235726
54.49704016665417
57.349135117431814
1.6832757743161368
122.59265718795783
69.58312473914476
82.13186470912079
126.80964088748956
81.60526722628899
80.41648588742919
57.32672471518214
54.03952240893129
82.58794444780366
4.794413106488849
54.82479015191088
85.85280120175084
62.29524480953599
97.25175254565738
72.01945495615571
109.22907825923481
12.675393465738356
2.632415663725224
90.67182492115421
7.028181477563283
87.16734677800478
76.16859966412275
70.15050493663385
71.32094869197587
50.428556849418214
60.06982667035892
63.299167664865166
67.37841243036108
89.03863666829854
56.022135611825284
68.06003164198738
63.00883176273848
51.09123008318072
42.55399593833607
3.4833733787754477
105.58417780391038
192.9072621878869
109.93456030156987
53.638831439792696
58.07099574923943
49.62041945927599
8.903104004373898
4.14560974049182
86.95362885976483
6.503850499336438
1.814100794631543
19.747745829717303
92.87305313389373
4.898897275575195
84.50555057009232
5.04135125794389
79.50086111615954
100.05114832994275
34.77368806185638
86.63649848812844
2.254036010144447
47.058723710958844
54.0962506933907
119.5387849034041
108.08134464003446
28.343993789747266
9.113832416147577
5.13453893925718
90.77259222806995
68.04525033895045
99.92082627527354
47.18356686182371
104.51265810105171
53.34238342411708
5.501600930509128
84.20774249819574
39.600476709809634
93.09035074685326
90.85636805245065
74.35285696472495
97.02864950686771
94.52872870051615
7.43006614500764
20.61253178170438
91.70091510259154
45.660664628600045
53.3234068507824
6.130639549802908
61.45923036152152
107.97788920519895
16.596751824374724
94.02988506476854
67.67613981137748
90.40157879141948
98.73819728247727
87.48358421322348
166.70036264818594
35.90007177091402
59.097045811062415
155.91971274938223
85.58625684077396
13.550180149385541
84.55516675379698
56.97022879287281
39.12729883849723
71.9017345908558
52.80386808724112
4.215452310567701
64.42896450646404
94.89068435884003
81.69107735815416
95.12983103873546
90.36293873534466
83.45032893111592
3.5736691491923325
143.9214662941506
114.95679874064697
111.2096541047496
100.61256292090505
38.21406101536085
113.52037230553023
128.04229293841362
41.134748975126726
48.1831251656394
76.0670234366655
27.245803099035403
73.30441993543332
100.0387327853882
0.9843114685930231
54.442039075512525
2.651587315764465
58.800280370621316
63.33863552973365
116.94080807796077
40.51435053266754
26.604712007209123
59.83140550481343
50.63480442709606
16.094196669128902
50.940937124731704
53.41115276834924
107.79693505644917
59.69989828486918
94.80746603502509
56.176081841427745
76.02135587167103
37.79787245817424
88.98711030233302
46.551862438070344
93.71170208421415
49.74032617473098
157.87055028041146
115.6505699510746
109.26996773000755
3.6726312644630026
37.110975492879476
85.57030104943364
45.341793349799666
50.292221247940674
56.256617314071065
133.89758469315075
7.683394801039823
2.88375863084477
4.337712201495526
82.63489097005139
116.20520643730599
48.45096813996146
115.17572936243022
100.58089608197878
5.3771148079619895
62.8832532967688
55.71385896867641
39.1362544675342
32.03782666701791
79.43283018787835
60.76481064327421
88.19880599327198
58.43956198956051
66.24001573751843
69.82400780394843
61.21795283109136
72.26301503491622
45.60951735377281
2.3331751374714553
67.12196304339928
113.76399376240852
46.949680020762045
79.85419344066015
92.97198268547358
55.63462351419102
199.80714625775718
54.33704730790841
34.763123388746706
54.13500651707046
96.37500118199145
1.5287203479650862
76.77499287851874
144.31663600461968
91.37584698330768
87.72204136652172
78.7964294990671
131.2723051421118
46.98322914713939
92.09463064288805
2.1837638640518593
34.48314070049603
99.99053909166913
101.61885020994575
60.966425814937836
111.88803299170294
6.363783997666722
4.030565520227626
120.58593130755581
55.114356947551485
47.004769361479276
50.416421768478614
6.451239445904116
39.03782577625685
3.459550218682854
95.39630970805905
134.50451077855553
97.22377136495865
16.10218007696476
11.727159756156825
106.97911206910823
49.619783389952076
13.815596915930334
2.8954944088690344
62.352174889350884
67.35402360417412
80.7972718631414
1.460478981833826
5.065880905738221
28.002462350196073
90.70542933976022
46.44718761980217
121.58600584828218
9.21261535663818
57.240186313854885
74.84669523045618
71.65097813851183
4.965220439042996
38.20138612503903
7.193075041516682
52.43783382179716
64.50412971500613
67.9840293106592
55.12734568883087
112.08244720411876
119.20351518011863
49.53532861699085
60.16274866414709
70.25025137869693
86.07887243200351
4.283213980267736
9.035815407862753
161.65749462277114
87.59776334344947
1.3321824472185044
50.42216530213585
83.65098460464468
6.196090937339319
90.40979001323876
4.758669565935181
107.01883361026742
45.81451636900467
78.90029067394659
117.19456917237284
89.47265226857895
41.75802603172547
66.5478237678928
126.06009599952291
97.50312606159144
61.7691110176934
2.5546716126976716
26.672759088023152
90.5046626286341
3.942679183065521
38.34805983284495
30.069221844053363
34.020171316206046
63.1661903855967
64.4911962321282
95.00589180086868
164.09589397366813
7.0983637198474945
6.145327162044461
81.82183399139394
4.888147103378504
59.167258588325105
76.98274627399195
10.926202863774881
57.017014848238674
57.310549192282416
60.6861623113539
62.431366148692554
103.13964732565567
6.450789199559277
40.94058278882639
67.35621922180634
41.62027695980112
37.94766835896969
3.822895125788384
59.01582251848559
122.72571533338218
140.37302557946686
113.11621814236008
87.08617046217952
15.41562305001566
83.08233682687208
89.60161634557103
1.6293353930121262
131.81871355496162
118.54869011686917
9.83988188651372
57.0519039920045
93.13008653411136
105.614540052786
77.87211051702957
4.418754399861608
64.61837868495881
32.75784761970061
49.63813510361166
111.19690309706196
54.18482348205807
7.592160436061879
71.65337677251519
6.601845097143482
44.71408030182238
55.81651350794879
45.437732924953515
31.145502388921436
77.48862884832985
33.38009786084729
85.10070639774464
70.5536773028812
164.0358765780189
60.356271961944394
87.79410082894759
8.291268667730142
56.790857709498354
75.08568111516645
10.185660356751107
70.34321233618493
1.9519723033324188
72.87251501140825
61.928641387605495
129.65993332851215
89.74134374821688
63.44767040459131
56.20544703877738
64.3335175677407
2.5809707194909035
101.39015384279666
54.56561268307203
6.270330375730252
87.77660129459439
85.41598438126286
92.79255027957157
105.45615181040323
76.42799077538555
61.42897891022789
61.086804045739086
2.5822452665345446
3.4542251062921214
57.2670024969547
128.37951447112746
84.16108440697813
69.52723054908842
31.80416476067295
91.78178348903366
83.28268612254841
65.71240767762822
36.78869312640116
66.67419029120892
47.84995451381382
95.6331639358637
111.40960000670812
73.96994630878483
3.6544496285437686
63.85689291170161
141.07581494263366
95.64057319632077
135.0006697638376
35.312402627308686
105.81159376265985
57.64431966897632
6.842305387601675
66.82686316497461
46.1965473779829
112.81181939053302
91.24146260313142
56.08433957780454
103.4945333056036
2.89815751887025
84.31703232316472
66.21805911915975
190.40231607451227
52.60534676976065
137.19658969645852
75.2148812028384
2.3180861552866068
93.82508859623937
66.39115073284701
71.25586399196177
52.95091987565222
79.87786564304228
66.67015559125164
65.31585706363934
84.95904855291734
87.74580339382436
72.24525435116976
92.5176672442661
77.81881433713606
3.199415000913406
120.4169138344261
30.54309676311677
91.021167463772
61.00805220437372
92.19285265527255
111.66044239706488
107.21600514291285
86.89160287348689
62.1561202660589
2.4636333960746333
49.26372720245651
2.3947572996563764
57.4154141760184
56.654077658761025
5.754580603618264
32.916627840941125
45.918022171943896
57.05469576933473
63.0791671885861
51.14629421523148
2.8329058433861665
10.597929787002812
40.29074919474742
90.25531767513687
65.11223605982752
52.59683121290866
82.99896228993467
56.501639791524056
22.53101955487277
4.158806447265303
4.484381266495262
158.79604552999865
50.94179945548393
74.3228345753836
124.484283003689
72.89515909286436
126.49706788195212
37.576043781352844
20.404641192892864
3.980677953581358
109.76422161898465
65.63709083730616
67.00005622526415
118.71165186482237
1.2675549100500976
58.792712733294294
3.2043026675482946
65.6254145151724
62.265585169971786
48.1764512664313
110.45733411589114
53.31004728792293
74.6580107888114
66.26023853346801
25.87898023163742
43.124888956967645
59.756331050445
73.22219768803446
55.89770312176832
71.63210943894755
5.593140253881787
5.6678547719183685
43.69484229620018
46.34486331236123
71.13601286272873
81.6972780245446
96.35853623105318
47.13826946854833
1.156961574625562
7.9972155115033825
50.09871354569819
4.7692332322806275
59.05075359174933
103.7771345703701
55.84180344201135
60.59501159034956
3.6947647836951925
152.72181849116174
65.46590123544512
85.90083408026915
61.69331328669493
68.7303137668626
4.7950698689678894
1.7222646357098537
77.82412557793374
70.6940716076648
66.85804749233027
34.04238245699518
101.80694728546771
60.691279135252145
126.54093467022983
1.948491917781836
2.9527181043297257
5.002133185754068
55.038247332028284
6.9605022828737795
109.91805434301212
121.59897759037501
79.4619757467933
73.46852122672934
35.890794472412246
75.22258000087776
114.07008855653945
109.3054972072553
51.68536961889744
37.51660411568382
6.687384428152266
52.762246168684776
74.86684616304962
91.02214539428543
91.06294696608742
125.91759162036348
9.519302565037394
5.182027720030769
162.41646960967753
53.95466025586746
102.40700490667444
4.350324251938207
142.65560251503118
59.09197323707901
85.09990629022772
60.42455018576222
106.83711169813151
26.176261390958345
114.54711891700495
5.943577517779132
100.66827124962336
1.0050504713220065
6.802661026786867
71.19032496037721
128.73831807435982
44.2341791218594
73.38194263331192
5.773841049923549
57.14195149687497
50.633926899364795
100.29905973652744
49.39177921116452
85.50606570568792
43.996051486822
1.328848902133972
133.95862198646182
61.23966619480048
78.24904504559855
89.36613404639556
63.04631591849276
32.17184259439024
85.47887677286978
66.54752536956607
42.63524320702497
34.77656062252114
52.443165132834636
87.12094886213036
57.55714658092949
5.5377499670406705
68.17947058574859
54.341288559867586
36.59778501309427
36.381665765844254
59.01204620819361
184.60269436793394
41.948256960127765
73.36376403474324
86.6393041781385
4.928375327679848
115.36816909348782
76.77417607553399
64.35341829651134
58.55933257128367
69.9506557367402
4.438602485484176
33.89796680090768
146.46769356731062
30.810370809113557
66.96675230199706
70.70294602557156
67.59904171094237
50.393057613398895
96.60218109290227
61.20103644856627
115.63525218140332
10.46928532343543
0.22111336671898546
71.42372940114541
9.824854848841198
58.33031692397725
132.37707755323817
54.77644466400072
10.515250621958351
108.86434581218322
11.51647822093436
85.66387934290104
62.372589961067625
7.540401224489353
32.383988468129104
94.47913076689304
79.80260242739462
3.68496771968164
13.824994415173133
5.047063114900451
25.72894954043852
54.91620380040432
64.95391876905656
10.055671780432535
60.566330077539035
28.34515582531538
139.84644939174152
9.838947766354783
97.75345859928544
7.023369273202415
1.5386664588579089
1.38359708141635
2.238683992335208
3.0989125332570855
64.07899218001344
5.374278830288937
6.4924384502628865
111.64907666467232
1.9062001313333576
100.51232101227723
37.22622483349683
58.706696060738544
73.64231468249223
7.756243691041812
5.15326021297283
9.008111070210306
39.61872865134883
11.33438893172612
103.44948971643528
2.784229521670878
19.508571043496445
139.32787558082907
3.845896947543414
7.6524958947141215
3.783146729983609
68.54881001958778
2.4073515193012027
3.2607722641420405
46.558064157366594
74.30325891106075
1.2402942573366988
1.5009953339624098
2.780063831929613
5.734578055108851
43.73745768579806
95.03066876585099
6.333325272582192
127.33156972357128
84.74955375828837
2.8908530529765897
3.1799223915436743
9.006412570159394
28.422035706410078
104.83193406895552
2.7632758852237407
40.81292019807162
34.31301595523165
6.67309630545768
4.971379502967965
59.905865218602216
7.91933524989385
6.4141121370897425
89.54182118182241
5.684493321594034
8.80328669761661
16.057647508265955
4.234594859478916
2.6289543893817737
94.58365094707057
67.48157977570955
6.952887078629395
4.476412001458123
2.18513074593197
47.1842168672836
17.220219065810966
73.13464070461215
89.93328001954447
42.51774883661981
7.263888598794917
48.88240570560065
4.295376815439886
115.67626881278062
44.24402407779175
89.41792850486365
178.88161299485742
3.1237638986312404
85.22444164522592
4.156542706186246
7.0654037182891845
5.9461194699495845
3.9473046572332184
2.85134124133294
24.68483979284051
56.60353330009498
73.39353504538633
134.23262623694941
41.23588988107207
2.0319069994980805
51.20283015114086
88.99146544023803
2.6285504922338103
5.369404191998351
67.15639048420985
41.179585064455765
36.32131132055022
13.935527045698294
88.38921825481793
37.77315376377645
95.028849320909
2.0516228123002835
2.6519770822766633
1.6777523867100133
6.1656519681678965
3.449572092871652
98.53730396375104
9.475277526434159
88.789571588406
2.607953522085247
4.370884665945742
7.975587370216044
109.65812089894993
4.495900047120271
54.65307838194591
121.1639885406429
84.42378367505896
3.9110890684462056
5.0636945989003666
52.2829458360452
3.039339567955402
61.225846050923735
8.869835120533716
1.8834638725131394
9.663654821576053
62.91014534781936
6.264324003652425
2.7044674441192296
116.90947329687431
55.721454863470356
3.612361485191982
11.36338123676144
1.867754809643938
66.04743658576136
45.1219844943361
51.557164791371854
3.448697996096437
3.3353924242120216
84.9717335274083
5.302513079186093
37.87003826621031
0.867354962391017
34.15608856568826
40.841393680052285
28.672876309392848
15.42643542067596
11.624170003038595
8.621593774621067
6.878029049739003
129.13322449442282
57.144336682335066
86.00221147107828
93.6143872893664
100.25240896584502
134.53491930661326
73.91610254211122
44.59387041283098
5.693419424556746
60.01562240751494
7.1749594820274245
82.5191909332987
30.590159400910967
60.55811174442033
85.68497201593532
6.446816325866285
2.4332446853876752
70.4272207988523
4.66540437210239
1.9973730799518796
1.890232127717945
8.689357952273161
2.4970591031260723
76.62418899536934
8.572351562260444
46.51923943179605
165.29826645373691
1.610553337158646
9.28307966821722
1.8452974693526614
7.576467640008341
5.325712995970722
6.535262186373817
47.84780129935969
7.551678913678903
5.2228294718340695
47.06150541451556
28.62799623555169
62.892253176315194
8.31182828327431
108.09033906707062
9.872318188094834
3.4967331054034356
6.507765290105404
31.66712303026797
88.77391362787654
5.741265474900248
3.2392450879660104
112.24572511054075
59.38877611240434
4.383411745711909
10.813243613606215
10.455376862983048
8.699249831798323
83.76317847844406
55.331291694531444
11.057053233930702
102.79592581452185
6.582360941173517
3.5287832118656817
4.2064308441123535
111.54151636119184
69.97102217095556
62.02890263393894
69.02457831013291
3.1908985141122135
3.890237165778695
92.35253174138384
75.67647945121455
5.0481575250625355
4.1316313455122575
4.375273050519392
118.13533308603913
98.2511227358552
72.32964999400099
12.743880243985522
5.326859116313493
117.8008867038885
67.58029098368036
5.805322754239908
51.8245316745218
46.68162231853508
3.917814491647917
0.2070811193351832
59.81518579683659
10.816332418984363
110.01824390473058
6.134632852225608
5.759706540155046
44.84552316677221
86.87526133263344
0.8256537182718495
4.899116876184016
67.76238825500744
22.322812422840254
78.84993408192865
8.380703373812356
13.63569289644008
153.7066433624801
9.403458109540155
2.9061053413130677
74.00325330225964
55.43357101418526
15.12592349815937
123.48330537748049
10.147854035356724
12.257741599459814
0.3917689638373282
17.12964987045558
3.518325147106612
35.135271076220015
6.629066627488844
102.73057683432094
10.970086543189279
4.471061755620933
2.8045912168811027
197.9994242891206
133.7496931430629
6.242344930130049
9.82636873719878
58.31030038167728
1.9738167624225214
10.358330222084719
105.8537943386859
81.50000424233333
4.435634396769467
82.15469028818
90.92117419171936
26.602398539581767
8.050785417458666
112.77745934471696
67.57666315096887
100.33956797459004
16.86532924537015
58.177524775325224
47.89365716668928
4.713934425594552
1.6985609101784733
11.777403067339211
13.23198054156005
4.653384526876243
4.602373952365416
6.908754211982699
14.777732196621267
8.146553291152827
62.988916549371325
8.433075635443233
5.937064065084183
77.05157993000068
5.398785981929431
3.755576371084803
135.32690886015635
78.96619784717842
7.601288984526218
57.122818965754234
1.8138217769906915
105.79482013759285
38.55681317718562
4.393073085744082
3.759419456524035
14.584823349570843
75.32887577316048
84.71346628770038
1.3782832481988818
8.40083678518578
6.515776303886463
53.289726731956186
136.08460007587897
5.454427782071399
9.680654628109663
2.640590772001806
4.059143452566988
8.129451940288899
90.47829958204676
9.44181455114163
73.12504660590196
102.60896794897889
2.0193543781980856
11.640341868497929
8.326208154832468
1.7158911557054761
6.067575850446524
5.353771635712732
48.20147240681812
112.71592581018454
84.44265676315729
6.790316745729961
6.246622878107864
6.40947331966153
3.67044674411103
5.8949738971195815
2.7509857258459016
0.08090656672209698
53.644337606150884
87.20402183199378
5.491387666697289
2.198432101544446
117.54732594032262
6.743206277784943
9.456945297743646
102.88951748231888
4.248776945689099
57.21465770423529
132.98224351706395
2.4637601284599167
38.40200199639268
167.3435885539898
71.15260718037317
4.658588211723127
102.53346475184578
7.328628925421582
52.72349992029838
72.55559396423469
86.20429475171363
59.39103601167773
17.689566443544557
5.411185595584207
16.21521462940548
82.12693213483747
5.7100412973238
8.506535141485141
7.530450409973642
4.446634131226411
6.574422285003553
10.900641703458492
75.22569361359915
6.219241225200008
147.89800382066574
87.30755422148631
3.24791752396002
7.873673409896339
3.942509440384641
7.074010646851892
2.4509125529442777
5.891200761377966
9.260770610097667
4.061938064528368
114.1076911611948
79.67838726064154
60.100473016217876
3.7462109088577904
7.607367220330672
14.54486360942428
78.82846594176323
9.997488094052958
1.3130036115304662
55.992728130981725
5.513720960635682
1.8983483957169744
6.036551696677231
3.0568045899347123
2.9548963678939586
43.59437921293503
100.98529591633019
2.7839086999563216
70.8057985760079
6.286204421192595
82.87312933314325
59.478997071747536
32.1487250588234
2.6044966586316938
103.16475958300822
2.7619875531539124
71.1694079568963
9.73017841302807
126.97965616518601
6.1520597581115775
3.3199485790093366
88.90077685200148
6.320590223896937
76.11858256638735
8.486693847323044
1.014558277654966
10.908541860458557
89.1521362971057
2.6822437896775537
13.869323018283584
93.95596903336471
78.03903477508209
1.0209024433394385
116.48421859693356
1.6550034164079566
7.552033509589988
115.73952691240268
79.68265212969239
143.65509698715474
5.364079056276415
2.1708216329656818
87.71849271681816
55.24147193538406
7.647473085028005
43.49881301305359
89.77942464609175
3.616799605679926
1.435252601538767
66.79427541910836
6.352657995478732
65.27016496723841
7.751906268576732
6.706513921990854
7.981694332789211
90.48769053149333
65.49886817117638
9.771852945070568
1.5770212520927596
75.54638931817027
5.7411004880957375
5.8419749129266005
13.351898505604034
7.545528596592531
2.7079113277876203
36.32478632171607
95.42972427282898
64.75018037039244
1.6263100221894868
107.08565108645364
35.0787617894475
125.40678096949534
99.6130000624593
3.183335180888814
48.90900279284516
7.444132821562864
2.9365630923024684
135.335169113287
6.1495881100033944
91.64695804540393
84.58368841577096
3.1360595582613278
131.94017596276623
69.80321020479808
89.77645326794038
6.43417494823641
105.83000486044324
8.683569459187638
10.602027025467358
56.71698006873199
76.98641240187318
5.229877618878705
4.47794685075403
53.001428979288264
68.23659347499894
7.024113834835791
66.05001833894158
10.646361542079932
9.368624180931217
87.524633581929
8.175656876171638
8.791449896803677
1.8988445562195146
3.77842991776247
7.915345964989908
123.91844670609402
4.9981236311070525
2.1704148406631827
103.80562873880918
13.15360181714852
64.54774082313882
1.7520823741651006
103.92536561256105
104.3865802382378
47.681212477453094
83.60698925667305
7.590893589206467
119.70909088749569
16.43994508970435
48.45230047740148
3.057811620347794
5.040675598159986
69.36071983211392
67.7055658542098
59.88818514712387
67.11879734513454
118.37612919430168
90.2412743116378
33.141084702210875
2.0061827445016367
3.432514895070758
121.87840541459981
58.812665212369275
144.48920560978343
13.35628707860586
14.824702554113045
12.463700973653799
4.842793433696251
6.93841657190413
6.221943138468354
6.95232129369933
81.25483836363507
36.02275041819932
7.050569229531106
105.42258349886372
15.055048262065382
4.9775173364175505
76.69564345630195
1.3249670310921713
55.37898287720209
3.961381381414708
57.67029292222773
8.125795305322464
3.2750941570749137
6.546783814732204
66.17831571956407
2.4840809113559956
105.64461793777603
3.409878795766961
92.93031091659734
5.5747632401870435
8.225610233555988
125.28493702504493
69.18767503919113
93.6089305841982
104.21588039307099
81.7509315226461
87.27331427329783
83.80356236747897
8.844501402536737
1.039147861933324
14.114383580379391
1.9203186741569556
107.23221710938923
2.537730337739365
4.029007967355535
7.600573020692787
8.371062028679415
36.17208381961565
47.96930696836944
8.932427667375148
5.188180211415846
76.76168894072784
98.37994868041449
124.44033633635057
130.14157250441238
12.888784333232318
6.563173245540903
4.926106080010528
16.288857640450324
8.77319392111241
13.089632940681089
5.9094364974329165
4.881795212400133
45.64133312128809
1.7845511371877785
57.72373238649651
79.60615240544671
11.428870482334638
109.91116507710754
94.17292964623246
21.548651129493688
85.32738100820156
110.01491186092127
109.87696579228418
63.27166702394531
147.32834396281083
104.54628176451781
71.45399060877071
2.0955510632127936
68.05584555119543
73.54106467775355
5.736037915014159
5.113455350091995
7.32648038053104
4.231978698862522
6.262230657897306
79.60155969404092
3.4593170924872125
7.776580165063128
5.825918089691587
80.69623113475346
70.24085491817098
109.0020127483397
87.97864884942472
60.80535483743708
71.85393039894569
8.238131589086183
59.029352273160846
128.1686168183178
3.277757302376774
8.380444937794788
2.5077079859970963
57.76614697940269
99.71936969598912
91.57637005413433
89.23274632092041
7.088416406478038
56.556787405879525
4.692612025851572
2.6916851588603343
3.8539651640056207
68.92848675801727
111.60680559116446
57.806930175113266
66.24451860062359
5.910686513261605
72.14842282517617
93.0099928337312
90.27293391048508
61.672761147661085
11.652001743048235
56.37984092125787
80.73640535757545
1.4088358407480346
93.12771034532585
4.4969943506089605
91.77193571998558
0.6558411380553536
36.01544578976711
40.63591772663873
5.978227839349646
60.06499268141267
8.102094524611388
53.646772649152574
143.82811920345358
70.07092539113889
4.542091737188765
62.921260455756915
7.3061621837602075
79.19749587889333
4.558228100613224
7.911641349583601
8.137536953729567
4.405222278496382
58.438166055798106
3.084536313810897
75.66606272348037
68.02619218331104
5.187286680387024
5.005656047739064
71.81052772568707
107.92466185417638
2.701448496512644
122.26807797529345
6.504316352171371
5.699074858016891
7.571226667025478
6.634910236063132
2.049281154631428
9.479318241040378
60.43884445230674
102.71395266303452
113.91218041922497
81.32425875988345
4.593800398422456
92.24157528746375
9.273985488609792
3.5417209064002386
6.3312776828997634
91.56702351022564
12.906150406462967
15.350699498827082
49.857033373667136
5.784851968240053
8.612204598828098
13.321312347026176
112.32448083074144
72.55572462047267
4.802790603577565
68.23799518875771
7.490007567636006
4.3356365085186885
90.981018701465
3.2508422911963955
5.120116657155157
59.70234915722141
7.978562858307663
109.58294325848078
8.546082224590155
78.2520404607553
2.067846708156795
3.50850065045678
5.41524397632907
4.032804959035291
1.5502133342715814
73.91320091461118
2.9114768212898627
5.985599424535375
133.05461664877603
79.61631977846804
166.77518039335436
13.811877132780042
11.066963329414751
6.8135220344255885
8.709430409282827
48.59451940988076
50.331262439219934
8.17263390389308
7.837329307606187
55.81323807879227
88.47114161588453
130.08943582998305
7.699470441407358
75.89805598174192
3.60263609314666
4.042756391964222
3.2886356752541746
78.04131235804864
65.43948874253661
2.9055728814115387
30.14037105279488
72.48307339315971
37.56409737923215
1.484679446594617
4.128585369384128
10.315325008423505
44.54678235881829
2.6992214202005664
117.59755841324846
38.00137607408719
10.667080745921188
13.329852236048517
2.6814738504972344
56.152769348405485
4.997993375163414
59.544266726023245
53.125016574931095
7.090285636634326
162.1336023809559
9.551328424941573
7.299913869229557
3.414328452494497
3.9829706203684925
6.848842017111222
2.4639048993453536
3.3273718437768274
4.183340832724393
50.68000939219874
3.575328063762949
8.848113150761643
3.197524452540196
3.2399612160960283
7.560744582341096
0.8427963249171786
2.6316173161384513
4.07547600895655
40.406750846308896
3.044771683049958
2.996900230208322
35.47898922822003
76.35786596298706
7.690903829638876
96.3041954492708
11.927362006229652
131.80051163562013
5.146364852127404
68.26830870845383
2.096641805633092
1.8853227356275606
60.62975805144421
46.36658244720432
58.0476885126163
85.82473651605164
4.0133512956056485
8.40980094696246
84.35555699796616
4.646589943665762
3.989047970494852
5.347924721944755
76.22219357608894
73.48095019272444
84.12247446429713
52.3776564589093
2.749592140549337
46.93559524831243
87.81189370333719
95.46707617242276
118.27461697172843
45.61817957907932
79.08191947865076
4.881908281009293
8.728610652209479
63.277267561870374
57.14168980217428
3.8715891541842122
5.935052719278818
7.688699275225234
87.32349887399016
69.92047345928351
6.403952659102375
4.47974116561904
65.3849021052561
43.67223755513103
4.5966438532986995
74.2563140113986
10.284427723866848
3.3258015450144107
4.527764399058347
5.097176142502612
9.306274808295507
90.55904099558333
50.26569553017596
136.34989294379517
92.53200520263198
7.6073747693763565
74.86992204590719
7.3084387229046985
4.458362907299026
60.01122015498645
55.64099582006329
70.96713324763633
3.61291212277155
2.46098470517708
5.180464529569437
4.921828354178584
10.97713589702262
2.925333207456659
8.16904645731168
95.07002962651464
4.138021598655994
83.17842553341455
91.03153213222997
3.2470650132879317
6.162056634569609
10.45217844528028
6.5182454758674435
71.62317599685062
52.771873729702634
10.702542336080876
87.48309378891082
17.464604863778522
40.05017663249605
2.9520177329894324
2.9977848635311064
38.11541873351106
4.593238790784981
72.1311447192279
51.05854819236201
60.83812152168765
65.29005808259727
1.7615753314175386
6.474707503109127
3.759727771452159
6.4854011083520176
41.144033570014265
5.296349730545764
4.688436513198944
10.718503499639755
107.94773522580275
8.547693390123117
75.16869492374234
6.533853712611045
24.309976006363343
78.14524067194763
6.964461638326375
77.97959192320383
2.8922292588782783
39.51151215074923
1.5638003883609297
4.527371534770124
6.229710868519996
4.742807527490662
1.667270274304924
9.54827178964636
5.790554768027172
4.547910538603887
4.030436346639172
63.064366781215405
5.34389783645922
9.27467354617837
1.5540388453171345
96.14958800459212
32.74794317036832
135.57114519794592
106.92747843556475
1.6280345410607406
3.439665001045273
46.27197374755675
86.8413948689778
80.10839486214373
117.31229314943032
8.474707657657772
7.571666589838487
32.789224853082914
45.462712679752215
7.8419792232029595
6.068075663629076
1.0333600434431007
55.38559132563105
36.58948029649556
105.0350011478093
1.358784944251143
10.224932356827816
105.82026305008226
52.98817142118856
104.03958956708168
4.348168318405719
2.826531719458291
89.12512762942416
10.686799146551422
89.02331319192834
81.63712952571176
2.95849198320907
7.258155257841961
8.529687177396806
92.74337131719685
51.29733369543842
4.448173012411082
53.4004843700225
26.135194083855193
2.7773285168694324
8.822394264949345
64.94647535876248
9.5491040724713
5.4900115573918935
10.349280029791313
10.731428717399975
3.0244425765119267
4.352783875419581
14.575609809828258
7.236261443063403
3.3379075973511467
8.179091348192186
48.03192346020548
8.921243651448938
1.3803867848325833
70.26391540328831
13.045982987053417
99.51358938782609
80.97130137743807
6.434479908458423
8.631942022712707
123.73273899914513
3.1726521666943106
84.5697018404853
5.458608887595738
88.62949681459398
9.698216853928928
31.686548672755006
4.7468440888694845
5.894979865437521
61.803559254181295
3.2764923132142734
67.7430790727477
3.7001606535534863
6.013526112429719
3.089870596192954
3.4965893417595186
1.540051112582556
2.570554011899961
105.01627548690801
7.559266922687007
1.1475821585661155
50.90627380354593
62.19493200352562
10.133565594235975
8.924215491379046
27.887413018241098
2.6136461296815945
20.96720482380006
81.98275485777366
13.945974525166417
6.071848413757574
84.70835055654908
3.062453090214001
132.5053313244097
6.184674582218459
102.1364563672258
77.06657101183947
4.486560952201188
7.442026270528428
5.525695451298896
61.0106858015125
7.327468534886698
16.01496985341391
44.88502651923946
5.446388577386047
2.419970165931929
12.501843854970463
13.474832057410426
6.336513378608554
4.441615466836044
1.6364318726867624
79.68274904284614
2.7418143176888625
94.46251240733146
6.539093085310584
3.687003571162742
111.96572730200492
6.726115896664832
1.9498948510433958
48.80632509094256
93.47148594238637
3.268124752647016
4.849176520290416
2.2055080366331827
169.16319185530492
65.40157126374497
10.342106948524641
80.40282082366899
6.667392987862554
75.5137835338758
7.917817452153227
4.774705899669185
4.970852315167676
166.33826372371965
3.345297909274617
78.17816361883156
3.950044855128314
4.722936577839793
5.944789820670451
89.35273358026274
136.85966355916275
8.047501400015243
14.314747408023205
4.607915839957873
5.294834437690239
7.88057442529335
6.922133070419638
8.667901247417683
10.3940661211246
11.578316407835302
7.689738345879029
3.5838503134733397
12.277939187010805
67.76903798563937
106.85096995311821
3.0218258955048376
4.474445416133178
2.3902711566214583
4.723959876047745
68.74686090638572
5.335592067928079
12.382529982004765
7.7101942639628245
17.753844026411578
6.190118954632543
3.0535102105356327
55.88692531160579
175.6129264088286
65.36783731651714
2.6072351133589864
60.48793521594934
75.6041224310541
6.132798349505962
106.14699078558702
2.4000342266624997
1.418406579817135
1.8107142800968814
2.8468381667482783
9.410942048847897
5.461189140856181
6.239810674819288
4.567056358848724
75.66270506626817
7.752509999830881
3.580203280070554
10.024767148543088
18.24582717502917
3.5555804141275003
6.285551643685041
4.539463224387817
10.230659263255994
5.809210252499363
7.857648764648557
4.327761827090562
3.2473184868854
110.83800718872139
1.7346904760958373
100.04758335444657
115.15376889254463
4.262950125148498
7.444926058876674
17.621256682515085
4.248562559891635
4.710339043999028
10.529164118041571
8.28962122215143
1.488291454441493
3.7843215627786115
7.3811312874246156
4.826140208113109
79.28683403462678
5.071206952482963
2.011048985089344
6.854668333603794
3.7875439270940587
8.947421555309395
35.9299158359742
12.65175380213546
2.3556066944453895
2.8214616366401053
9.25363622512829
4.870466625475712
68.88297673507503
6.2521472330462995
6.309504661411937
71.53933407958215
2.82411182759498
4.290444411829699
0.9977146976548099
7.010353742251457
43.17683577565425
4.944580804165008
8.874195777385609
10.554347685170356
8.97994220375567
10.79360759515866
11.194521770553067
72.91590983057208
96.40969026106745
7.746316102612267
4.389516756898461
4.709307231921466
1.3160621361959317
11.445189249369324
115.47310417763393
3.723687321252564
48.25158052348035
11.296880038261424
11.884148125911313
1.8550994870149415
5.464472687178694
153.1308107226642
10.858246256659141
63.6521105965645
2.9122197622139416
5.113536385102197
2.026002321695307
98.12971446783096
97.74928574184227
5.6061692774802125
6.903442619888064
5.771199956342793
147.33784595671224
2.530369212734778
2.709306270634704
11.696225348149767
3.851331613497351
55.92089359815432
10.36934126577234
2.6049480601568207
2.3364056099128185
2.470011609836106
7.429207766073455
9.601407561244656
10.10943857347451
111.33930350041484
94.72931206663233
3.9910185246902325
4.346156923828832
9.881647176988082
5.761146710447846
1.6578425467203262
58.408820015342386
6.163377967277812
4.393645689412042
6.720732502231206
66.40089759041929
1.8549901779739548
4.0845737791369645
85.62984501642904
2.7466025434651904
5.741772483981809
3.00688918292961
5.657227651152697
2.760759878486692
3.3426274886882856
47.5769267603861
5.318754823741035
137.83848248506357
1.3682862261926578
2.6599246418353526
0.922639259066149
4.4804083318385794
45.565431945640654
4.07218744274052
53.9086802506769
3.1419082972770216
37.29087936763927
6.057222140676518
6.624512827175347
3.6799107928085784
8.10437121705945
1.2093436157626156
6.27629028166292
9.53877354280995
7.8142930865285285
6.807395134563904
2.348097157092571
57.43846630895516
7.887994317288263
45.95126257799168
13.93584098386389
114.66259285667348
3.2646376787494007
5.329377001544441
2.9084105663670337
96.97823105064072
1.3407696182080757
71.72095188789729
7.955517180275241
1.868760574948698
6.339870922503366
82.90932147123567
1.1141515429469326
3.9503552927580894
11.61729629397042
3.6073074496431214
35.96655347779658
2.86222929107719
2.3455269289996656
4.854842049569681
3.4122492679171366
3.636088602797078
4.537456649067551
2.310379008221312
6.619026913170638
4.478708544303719
9.997024019475331
13.315093335921567
65.6383634454517
71.77883359080103
64.16949132371307
2.936030384669329
3.2856727965354207
3.167361710738224
3.9627550875789037
5.296313750088104
9.737176279426683
57.50512763349358
1.1236228893650244
5.635932152970982
2.741218349028205
5.773314648480105
1.7832095820766438
5.374471708398998
3.8421072390581914
2.98581012026892
89.15402135836996
4.5345336218647745
83.81759545868198
6.408359354241464
7.872953062943974
2.2058450459731596
70.37642631745514
4.140595471055792
2.8666363820723926
5.7066764183660155
88.74690006482355
4.387207484737585
2.107955807924448
7.909053192109417
2.405492931416295
78.07852986416628
5.904806807911368
4.002798802530721
7.587294973487507
3.2507946391188547
3.393408054609088
88.87246377301251
8.170673835389831
11.391532049245724
5.049663382593137
2.2455942401093902
6.211518089413203
62.61966759470168
7.694411695663871
3.0296025056984246
2.1063627940713827
4.288007422110168
44.33627566104048
5.530410102218717
1.380074923443671
5.134064459757587
2.342902044049556
6.274598485331237
116.22298889006485
5.489247002045125
5.268413895571802
15.041571622693958
11.137833306812444
6.3978882788855564
5.788220482793209
61.86227720153508
64.89608994433407
7.022778285149105
13.059616771174156
5.16000379705172
6.356294220621845
7.333150267099203
2.224849847817512
136.44645128332428
16.201992283123495
0.9669896260702117
8.66227186841238
4.065663133022915
75.30973492439082
2.910178037134825
4.603042459163499
3.962791770386403
5.597155355818058
5.21307182338606
4.958984759338287
4.673274824549429
4.899157046511924
124.41781059829407
80.4427128869321
5.230346868539749
7.343793152446128
12.14337266479624
78.33669327863576
95.09654713577962
10.242951504793936
42.57963065610312
1.3882749556004494
4.546772357770942
8.526022623572233
9.250184052601911
7.476428469364686
2.5206257655085254
95.00685420675725
85.26915975480692
4.563463986399654
19.663676950803268
1.356257131302769
8.861918013530538
42.5972738437479
1.349796989812965
111.17905628276243
51.16440379128336
4.459994840790253
2.0074194573874307
1.4601569804554875
69.64133544838822
7.857835201209552
33.58947744007195
2.330317047398189
4.611338603585004
5.421316301197345
9.716830085236252
58.595610853402164
4.232382367464693
73.68814232034889
2.815120345716236
2.108471464999197
4.8878578989404495
3.5407356413341096
86.97677286136556
15.28260255221153
143.96708155298953
4.801094694872795
41.361099627758186
4.629595804477805
15.658451217910107
68.48007216392375
15.721605959990645
9.162039722883735
7.552908477790988
6.497743264123148
6.620197227072594
17.65862604207437
5.448203997169947
9.846033795214925
2.7205670698248636
61.12069388307307
6.954144201451932
7.094184659148726
11.342114469402624
82.66671700535666
1.4196699624201221
13.112976767913613
166.5477340866128
9.658806568025588
4.4736784880652
5.053446331071322
23.43359688138266
5.6518277955122755
1.5384834615848872
105.53148629226726
2.904104028136988
8.865118258330805
11.944568643817822
1.320243544757104
104.03695745764564
1.3571238827035164
6.797197339033049
4.79064073178929
3.3432111080375866
128.13722287971908
82.05102436536117
45.88905090450257
9.572399786664816
6.033211467350154
9.568497199694487
5.362259489791792
6.191525184337654
64.77910706221772
76.94047106446541
5.500619281324784
7.543896937920218
4.640576148534748
57.42035120337803
66.31272450436776
119.32941862227072
45.62940998090529
3.4515581580509433
12.60312606324617
11.200725920470385
112.40811309201051
8.275131877206023
3.606871830737322
14.032929740443343
51.74860481139158
2.3806307880049706
22.353510399916154
3.165263056887296
2.11284365752536
3.0163969565766986
7.394596017183126
1.8469077585249958
43.84557021620817
1.3108493258724023
3.513969985175616
8.221754203107585
118.40401654965025
4.9268169536923345
2.2867304132230606
65.33599283458592
47.3294544267899
3.1326337127686417
1.65747977250893
3.118325222256353
11.29835110138986
85.73741144438216
4.2311665989300575
7.264501343382318
94.8305824172936
24.748534906395946
121.68230773174423
53.43502328699433
3.787507732698555
58.64125244896436
5.885471943298412
5.469588568799721
6.01652128176033
4.615876166642714
14.935877039434748
12.311514317067237
5.136175049201299
5.800638234928362
84.8154253679852
72.47067912127896
3.3319845956192946
4.651382392586861
55.9154994138881
4.847931021767738
2.7666282408267486
2.354922933707677
45.986215319692526
1.4638478843094518
4.656208504824328
97.77216189492412
150.083147552593
3.7841287412403055
87.07637104840529
9.885469436277775
108.96833005548095
0.4934189764025876
8.756505078285986
4.06968225142035
61.856782551921164
109.65538375499969
10.349158562508128
6.374265037960944
114.83395241255528
28.658011789489155
3.632735451895379
6.721119951045288
149.5409026352469
96.7909687350724
7.171751099224227
2.2956464060596544
12.041648611165737
7.485448024999607
8.017424625251032
44.68455574843819
7.099311366722154
1.821265971495536
7.585979703993139
49.079668590976105
12.626604784578964
3.4181818148781824
7.602404475692765
65.12836547122619
4.840840677476339
4.573481115598358
64.04224548865636
10.551531454770561
6.343500474926062
2.739788476041524
53.79616751339909
13.109653645481917
2.7164630315801
1.045583068630916
4.519006668848652
3.218523747300596
2.2311711385139725
5.584176518182419
8.205294486832805
3.8248360801401597
2.822916701480306
5.58309344725076
51.67068642231126
3.6570695221280496
72.49917855290622
1.0626387744587946
93.87609858076954
1.9074016596776309
1.7285639646063449
4.096201319002619
10.197658074810734
1.066614568981527
3.122129620123567
91.03275990877019
9.216121198883162
6.204439296407102
2.9199551017797973
3.9574936832945173
2.2735332538342528
4.113485643241453
6.934569227623655
23.987241954713543
4.040005212615155
17.56776511341778
93.63273485449929
7.308624593580011
99.58229711763042
3.8609120190833455
52.98193792029625
5.896693522521585
5.882126362092098
53.03688098561153
11.299165883560322
10.43077048067075
7.482458720666019
5.3982446842037906
8.442191362821847
83.33200605730762
11.095199389873242
3.581783306185341
1.560864485549795
4.620995173553203
11.689320907814697
5.662507394411061
3.770521786108886
59.635441606368374
10.833378499613541
2.151701984910121
13.569505823154275
2.8025813809125926
23.91218671862026
4.5503366656088025
170.92535782634639
5.317887540190345
123.47330624105084
10.206738772970278
61.53637426811345
67.10422031735239
1.9037576041527697
43.24723978582041
10.883328231447273
4.883826277251838
3.8139492246009676
9.023649697263988
97.57145795120822
13.759053117812623
35.640624951746524
8.508443863422144
3.9967276756156056
105.78490963955521
5.431054646904504
55.325445779122376
89.10382090116512
7.696083679762198
3.4833731277960114
2.3186465627401533
6.093438030907895
135.53384999966138
4.016589805625825
68.38385982137684
14.116151958228354
78.40323329702196
3.357491385745476
8.426059391697356
43.25270303717672
6.080303670902885
8.7816107278458
3.2952875738720646
11.658813294340643
59.423525947692866
72.84237114182224
7.798999349156216
119.69435361980645
5.401178603867861
1.8882279840920617
1.7297954122621753
11.399460301242703
2.961198794192881
3.774596423433017
2.9709307704602623
7.567032008326143
53.92183738821355
7.827076481241585
1.9567940374860053
6.370764937333686
52.06345889102745
7.609503848388271
6.076785395355557
70.5996563482823
2.2634082104985014
100.64242307304272
4.135651037692748
7.541422419138019
6.349777772219786
7.0279143711302146
48.65055951210788
2.447260127391485
2.553805731362254
63.05029306668341
2.116158703121993
5.044606928642795
83.5231175335775
33.963834546157294
88.45927388399133
18.651990357965172
2.789130680760945
16.228295876050584
3.975612710991806
6.353281178291107
10.543995424457636
68.40718467890107
43.62083329817432
4.100091007999204
6.90492061544741
78.5403769770517
4.839927959989307
11.962029339913743
6.429304626715179
9.135070425757926
2.5143547864288416
6.279290837910306
3.939273777161557
125.45828855625021
137.939472100067
4.555931355377225
3.077777611328144
109.38392717459705
6.908653489145566
5.0228396426470034
3.709027170512584
7.012248487542535
38.36768168553923
61.19170599333506
36.527531373358016
5.4081730318675705
2.162458748849901
9.20300947623274
7.616655068703647
42.8139184690217
86.54229507075857
8.992719249382576
7.429161745579139
2.6018147237464517
4.294069735742133
4.976075487320885
28.16155810923799
3.183441808720869
34.28749930814455
77.6492273406744
2.9648343082055333
1.654455097512079
13.707775830374366
56.72291156805581
5.0960555478536245
160.81421742996184
52.99878925273547
6.853172937816184
74.7929125947327
21.252943273922128
32.180640032675186
7.926858912747342
14.578330603815388
3.200381322977579
3.6263631241566157
6.705838971796869
90.74615478298163
3.803917585036895
47.87720146344717
5.64540776200108
2.394230363041142
8.890690156763615
110.28094693830178
4.190367713825699
1.1218371707745474
4.43687590002094
7.3120572017201475
7.376360230413008
107.5183138164904
78.33310405050135
9.049050354843297
119.1926260060323
2.9600815352285608
2.7912154991951597
5.083157409072118
8.501945702457842
4.854638159451577
99.49720039303295
4.995569182436527
6.698140476338125
13.261732461947902
4.034121208513102
2.220532231478773
71.81545685812362
1.1047268858542878
2.74908416780247
1.5393538441473493
3.9821796040657205
8.14990732591352
3.707260111949125
37.45353110664071
100.5092306674238
6.922560891128438
39.5085785473462
7.162479374904034
5.053221058024118
141.75042521212922
63.53006239288269
105.87805962059639
131.79817163621448
4.206667815461765
6.945620358720715
2.554684387242892
4.514082350116027
40.53861047155928
10.209987635168137
71.03010280592883
36.46046808434806
3.4293825387941763
7.8549326491249065
4.66706726530388
14.455027208911844
119.38442249133608
59.90985212412575
5.167402266176547
16.705996055336218
14.499976460203106
8.574775027746217
5.445833843262352
6.92581067646808
9.91687539992696
83.2906438390244
112.07177643719969
2.878138833957418
12.00361926697594
7.014473879261063
135.40781649396018
8.953227055331872
4.259783892787596
85.07807522487735
10.798759105957547
7.862512973555788
14.886946841354808
4.659981487991387
2.288943058226046
8.522985206794724
27.130556745133227
96.7882838474552
6.203152651406913
4.988102624242314
108.50532145681153
94.75523380589075
5.289275033123651
6.364244666289981
10.02677680497655
3.745668997548529
9.877840198294905
11.408962836228724
109.41156186403163
3.140533734462897
3.0640436361606453
126.27394973836103
2.674887969181822
117.92131331827588
82.1022513913859
5.148558448971575
1.3783157033264968
145.59319535914463
0.8197619470456726
7.754887622893059
7.8399083807800904
76.7898195425018
6.59653897196475
5.316066343873673
4.966496598225975
86.4551826439425
73.11096016764337
1.4541298320134601
45.72574115271759
0.817294970973188
121.54812026490889
10.673680729352887
9.012036423842638
125.63034811274227
5.118751884223155
64.16404753029967
58.08247750788613
72.79114901702397
72.23769903058752
12.724999857827086
83.83194321699666
4.010413697116945
3.1466094268344036
5.456115117305018
8.038028040969433
56.34965550398833
75.50897618649292
76.8552745933868
4.323165328967409
54.66428417626813
50.33248561571738
7.001986567163523
4.286366983434924
3.7361466580529754
118.91320852202932
74.28668478764786
1.2209822860703645
4.673393189366262
3.587158144165412
4.402084885990321
63.997723783724766
4.658634163290086
5.821764722597275
150.26390109881112
5.05870717112791
31.218567581478162
10.169901768869495
2.9729851497243445
3.5586697756993346
1.5243481626316862
6.923039231748446
104.05184462466592
3.7734967876170478
81.09770059029624
80.67870301046395
4.1975965314396095
1.878134518119028
4.790571340606522
1.8499499172390121
3.8650069956577977
80.86391106866199
89.83868407914014
5.243934203309315
4.793716205749541
7.570299270418237
4.551212646633104
61.16658075551462
131.05311007785457
113.25361766539424
9.648834004851999
8.326201523476275
2.2653317377772395
66.49721792978296
3.941697881412461
1.9181877271856143
3.6122813268109755
2.1150886627346432
4.320827344072679
61.984370047565754
7.39310025037404
4.069147962002909
81.15388870411454
2.8796814473383803
0.6847340346995126
7.30695923076623
110.80644382360676
39.45246955882744
7.983155565579075
5.519651271373984
5.932798166546747
3.876694182297613
8.710969810370047
47.52842280692822
1.3614278049161634
3.084871184754067
5.866480289687463
96.8895455277597
135.5122466221172
121.5274999924238
7.945105974700246
84.8799808504045
2.4232604643869693
72.48109009118322
10.249985826525853
122.37538250825418
2.9430110591748146
1.6346473583815322
3.6090767854886354
4.2968215277465465
62.98804754570232
1.464239761226524
86.96778865117943
7.463900204847539
3.4644060010813997
116.84704290559344
32.5169284022192
4.207175403283981
76.27051580093574
42.06726005116317
4.0033677660487275
3.0731625571440846
4.652362779741444
7.5920476123749125
2.5187257209126037
6.386959761976971
112.74821872176447
2.0053991880303346
72.52061978888077
4.4317826109841
99.83643385746653
4.858023161151867
5.599057948947495
12.22762077446588
20.046811962748556
1.2249247403355699
2.5836348129682314
71.46788127863621
4.240190763226437
100.05164325782229
86.24260133525532
1.286775835287161
9.027499086550154
97.98508974331496
10.708330134053467
9.19890706736156
8.609165175063893
7.440037674691663
5.881223829625169
4.563613530606689
5.8610476301098595
5.393109323286766
82.82255370245473
3.159778708835228
77.22028238543714
7.808813818137151
31.417111396488536
6.737620295978285
101.14726959191579
2.4188043729175464
13.038164647088028
1.7781277526481802
11.772583269150642
64.71138254772843
8.515003873798605
7.088231809195001
8.298179790891986
141.4287698405049
1.8014008709840632
4.059266532830549
4.725432815373932
7.871890925715142
5.043354570316611
47.04097817825209
9.256378351620551
2.7424761828189093
4.641349057629384
96.49375849931835
8.95097145603667
110.5468087369788
6.254156755371433
3.707959461593167
5.946257928608494
6.494739197673869
3.8533635525126164
5.219465962212614
102.25661987234113
7.377238929057131
3.7258576386940856
87.73162523072936
7.411258540637452
70.11382927756645
10.216080476702881
6.38111401693689
11.85183947459256
30.13293231326505
42.35623040845046
43.70223294137283
140.44606588922974
111.79089446163776
5.598826751422198
101.55116781295183
112.49651616834703
67.7029282833769
74.21832992759622
1.585350278236211
23.64534796690584
58.125114909920136
52.61522298606694
110.56754505498645
75.72085021510334
2.4099843758427704
5.373224472019531
39.50740802689494
3.765459853073361
7.928277497729584
10.443969659984733
4.368475813642685
95.4602718990175
45.37501377704797
33.79143749255645
99.98742488446189
3.617010447579743
6.547396273848491
24.997756366313567
84.28829912678823
3.481097351809658
95.26878060755621
3.0194391612049056
5.530899850316648
119.83491582031412
45.37151370147902
4.367937831468903
66.46926067207049
51.60955767775122
6.098429525519618
43.81683031517128
5.4231214643187275
63.43733955791144
12.064465191262231
3.641348896393363
3.740275979462889
3.7613071915583522
6.1492981240593165
11.084483543765728
5.648451455074674
65.34311458783992
7.627162064705948
9.712531173134003
7.272563393309322
143.63559122433958
2.110975822794682
8.099221564565534
114.0460453099598
9.650208854740224
89.1573056865853
4.3471570153465064
100.49471002457541
6.714786929961497
10.845488480587486
77.49277831701676
10.649041472862585
1.8855904785068638
74.72826579242175
3.4141566939847507
34.696094795280246
29.49953552681506
5.245951883466772
103.67031036045627
5.4689713779993445
15.943717666970866
91.186002913568
42.276488952032736
59.87994856155281
87.3968327273694
9.734422863880232
102.26649053483803
1.197221943140526
80.12769799617756
3.7963401459414556
39.33249933403503
34.60323387051994
71.49369296089618
35.49900210588011
5.840104828667074
135.93344021142647
34.14192243882697
64.47019463094435
44.20392138330795
94.28790975937352
2.666903199153517
37.33021795367835
11.452230215372255
5.038443886973502
45.62025782765715
8.040241254280138
102.63556110149017
152.77680207366697
4.973262579477824
84.52479800538235
160.60559321536326
104.66139352216936
11.69492766702713
5.129083593754675
2.3786849585289476
85.84081766986462
5.227735346392451
53.320536048976756
5.032891252254771
2.16696056067172
75.63056460251019
126.11800588321736
50.23722284840624
85.530916311999
10.542576429317805
5.489675933061399
11.160586872181591
8.2444577237307
113.22417749818378
4.487596152961625
2.3578098550091866
10.72198818704157
7.53368552077276
1.5910248770414945
49.48115384758147
2.5061899360422424
103.18707000629774
8.900587742352432
6.132958117086951
50.865514181268324
9.197437075556774
133.93406702991018
75.02657342445619
118.71263742720433
85.5905369138319
53.43950437174573
3.024562171905993
72.3016788540704
5.499376930488406
3.383734353439255
70.82323978115247
81.40994686291646
3.9947904421051907
11.23361233502262
75.57975525537768
9.681685341492818
41.798800534333786
38.58608507814014
63.8395130414459
85.33982104178888
10.201488817706196
3.090727667890956
2.9893240274898805
9.328956871365843
3.6737883096571724
78.2966212630224
3.56847426766619
131.79319850562752
13.838288094938125
10.15938038958682
9.449022157394584
38.5839065097687
3.338937930467538
4.158279208485854
94.24818666320263
5.457612090360692
3.6927828998281886
82.70571417675171
4.96555873257082
3.078207062063751
4.38733323455555
5.4039372301115405
4.785323731069046
6.243930832604316
12.242815349322633
7.090249132476702
55.76329992321136
79.94736320669534
8.48747286714634
4.019674870721973
7.266278237951197
9.979076434647832
53.38306639156626
50.92867204489503
82.60519657246597
2.937183294494547
3.563110616971981
6.191632321118427
6.440126376940795
4.409885410339639
95.77906602232179
64.96538124717634
4.872980287975632
10.690375586137682
6.24780412111271
91.51613888659406
3.7667450331410093
11.238723929257489
60.86138302330681
4.343311297228724
81.7576436198305
69.95968512620799
1.763015442513824
1.6628946655395387
8.75027863323303
2.8477925679407257
4.533135173015896
175.25365518213928
66.78451835957785
1.666558369751828
97.33130959137075
34.24558330058667
11.435315863811287
5.856847893086022
67.67009196760532
93.33800743920828
8.276745870487922
69.40062898887471
115.90431116982114
77.11007847809243
55.499369890084665
10.749570806961694
4.3026393659908715
4.370923060171331
14.331321178733473
3.6549968621890736
8.217373156513377
95.84115711845719
86.5631119561327
1.9506871856730477
69.09094521683257
70.16684696148303
49.10084923713986
0.7134796973707979
12.696656517085293
8.926998686908945
58.314571245411315
8.28794790203133
11.73617953509044
5.479270236545635
8.103830255500272
47.88652195317132
24.515570424308336
4.9618642591055115
4.399932853417221
73.84928182974352
6.8839046797989845
100.56180189732254
58.60300499129137
90.1962024664195
4.7292381170286
9.841326253056378
9.309966871933925
7.162471383256827
3.039020681217813
4.2074313491088295
5.779893124398808
1.719526632413541
4.135673687548756
7.031168157884028
2.9652608475379743
37.255587526970295
175.3749352187857
34.84816130816922
53.27883233230185
7.281857161880678
70.72627447970417
5.3144782151794265
145.95101104355737
6.708229822098268
7.989726930017575
6.924589861917985
5.216583331052683
41.35697189495731
10.846683227721524
7.2891930845934905
8.702365425769388
6.725376147874202
76.16935497227038
9.699996641638085
58.99402230377686
5.398466298866936
1.8252294285425377
37.076509149975735
8.005148160193524
2.3750568657187694
29.844787799846102
74.87899539780467
97.32814377569755
61.10869961581457
6.844733853551409
69.70251587810222
4.447300706145492
61.15741447899766
9.142450407181602
1.133791367284157
7.234576816382799
4.075946763814805
59.597632565341755
11.311039589076765
8.914424362569875
152.4555912270226
6.426140132186557
40.9150894462812
130.99015920067671
98.70164419852244
39.16526386629495
81.57165477925088
1.836946948299663
6.70471199141146
7.767070159382842
1.6937667632776385
6.100538228988077
3.69848140636672
4.907157501562609
12.148405112435693
108.1828993142228
4.126820840872606
134.54307218224187
3.266381656023896
5.1059348457237395
6.137793048698867
6.8310710503061065
4.53014305468911
6.404817385000652
5.913432763199513
32.83605504790907
69.04302354108619
4.986916976488629
5.346646099625602
4.186504758086118
5.577072773264341
6.133262711982903
42.72037606528623
7.73744579979081
52.47324924103612
9.41728647545344
52.75980239592674
6.390222736357719
39.28099928822037
3.6032198011571817
3.5793872300368093
79.9752890787033
9.7701340246808
1.1685957302792531
3.0359981721564075
98.19743176449734
64.37184856376054
2.062565610584247
104.78213789188271
66.04260154050787
5.721718753356392
96.04631199170278
99.69685662457294
16.77368040198086
5.777747216657874
69.80942227735012
4.868800478667633
86.81391044767516
14.238302995369212
103.19788011289282
5.300799865025191
80.19761657526334
4.370215894076501
83.55266327786029
5.052267999806599
6.322286260910173
96.41580962082479
88.87216528233543
88.40942562023399
61.885651396253564
2.8497330008129262
2.842301383469336
52.02135356228215
2.688957208659921
0.2864411100074279
2.8841478576532857
127.1010951524744
1.931439928577065
4.7879188685092675
75.94155022800425
74.02469240298349
51.971036619508006
5.141590160147547
73.57602796284569
73.17077557895719
35.738962636653724
129.5620082416345
67.8424745270512
62.16458789220641
2.0247882911647093
95.65800124278067
1.8384761396141507
3.2259999090376965
63.67554294625989
175.42340196953148
103.68624793321938
60.13195200668207
55.96959246888948
7.133517536881008
100.03876595693147
6.190837776503306
4.000275342088418
5.803505776224466
68.91325435224937
80.3867219748968
3.9107838876799157
59.24842313307638
78.86641126609648
149.97094487420813
46.439707396441044
114.94884757339048
38.81045818553455
2.5376410268890144
2.1650173646004776
3.8391473906319264
5.113674454503935
103.06556812032721
80.2456220621085
57.91014240406674
3.7433282249465556
57.766676962997366
2.265631282835032
42.95583778122894
2.9809225012144185
66.16998793199829
72.34411404175782
2.7577323769153823
3.7068835804446842
78.7198800020592
3.9582497914127894
59.023610209213345
0.6026821725846719
8.575146703246608
3.4624562401289225
50.4851414745186
34.036246651426154
44.71452440760739
4.268409921053841
50.451127189438424
9.651310550865285
3.0375239544094406
4.351598577264281
4.119325355603965
11.822395184936296
78.49031936459593
59.14277342899646
17.625864009138375
94.9920402667922
7.387696115246895
72.26190569729532
116.2862493234021
41.94276406688521
80.89532685147715
3.6000120406215697
46.362378009892524
7.21314762357171
80.56653321364887
2.6370031942271037
41.15101918827264
89.24643428630911
81.83042458103502
61.92490955318916
3.983798343441003
27.55703696717644
49.242735797309706
1.9086865327184936
84.91161370509452
90.26317642381987
104.06672286148236
134.62438116547614
63.24752763360421
6.697115123199354
4.23861924045466
52.21787432760231
38.74600785899531
83.71038349517951
89.95245095716538
6.841341629424769
60.850567953184395
64.72983175781513
73.415447544747
9.452167283990603
109.014159577348
12.192223040562896
7.948445760052153
69.0776922680683
92.25514986812048
7.285734974401797
98.3875996641062
71.47467432402415
2.4572004969794716
2.9128968510401574
3.960828438681209
50.676577382158115
7.006784292747754
4.292607343692405
128.20159990301596
2.500776910978757
7.757366082067849
4.072105526408535
88.02800372393847
1.9176500178766138
112.98662838184211
45.71169119161795
100.1424970965997
74.54297532653557
2.088029342300284
143.60927242501168
4.245979911871031
93.74117398250688
5.768640115278343
47.95612339052012
3.4024310350703115
8.401972817091378
1.3867045975819932
3.5746651846714594
108.05942240747672
47.97197731178181
6.620242900557354
7.465489368750987
48.14661468182553
50.44189189736102
3.0079750105286114
7.827147545253265
4.373607550013074
5.887739854149467
2.807717096271133
3.0196544289698775
4.757237292936868
10.301360040118489
126.82230672880533
3.549551054569514
75.22343968725649
91.44888777169561
9.5907402727234
65.41315504318484
5.3685721744481345
87.5544125020039
26.1028010749958
8.635268745518884
59.07264357721627
123.33122499843822
0.7467199746296979
0.9158986165787479
8.244259556312377
70.55054145724597
104.38601104883277
80.28918479629321
59.906123182993234
144.77373466454506
63.455537283611164
2.1484304456125485
86.3565783039293
1.86752697908313
2.7192141668841487
76.66888561879423
1.2031494923693433
4.169361452792799
87.77686692579995
102.76572799353238
11.470407352583596
11.67437740725483
117.088715859449
3.060485965379923
83.20912161496112
3.438590769408608
99.15480306403111
57.80271730806858
99.19941985189573
138.56840989522948
100.77330409741879
6.7077577489956965
9.331583537460581
8.180612552228265
2.3800614533270124
7.730776447116804
1.4325089228682637
4.210176081650978
41.301551037901305
4.691616315835171
20.626906661202746
86.45784975619974
58.214537542566916
6.967712657859751
3.439937188085461
69.95371162922197
77.16065801730124
110.24556910172087
41.57281303866218
8.409149768726415
10.6934506450533
91.74556293638497
103.75784941120673
5.006124478062275
5.004294062368702
81.86105465408733
96.23938859684651
91.62220258910432
10.443964413535507
178.65365775977477
68.64746224312596
125.26100832487006
52.73687580306482
124.32486621454144
117.15551420198611
9.185269548139773
11.69394065796471
4.992499260723087
6.596431061474494
10.375324084199168
6.350546897082845
4.9722676129854015
51.09364362833196
11.974607443044214
9.348578484696604
3.3597551499313276
8.844149575144339
5.818266759992531
60.8861582815777
3.0182633014698923
140.04799406516128
85.202934821507
4.460798778187029
2.3935699135259947
6.535325078638289
1.718460119012698
9.548325273683893
3.5121608796729875
68.11941718173951
48.54025522928874
2.543937391411764
1.499578858492453
48.217271772488175
77.08459763836962
71.44789826787643
1.5543388236012938
7.1274677228636945
2.5895532641540813
4.816606184994114
6.799864709159547
28.03375132699311
3.923631409293156
6.070343350350896
7.8187762786065305
33.344664149737994
135.83361469792152
8.889039326418802
54.49941260494133
60.91716776439672
40.80103479278252
5.297662449672297
105.68422167300965
56.76104426448342
157.57268238270956
11.975118294754765
9.638821159298917
14.473101084112272
7.835276355705657
57.997848420537906
71.23546084821403
4.3391975519077635
54.78434272544264
131.0693227637222
62.65872231211134
35.42832471418963
4.15182669371808
56.41369731414932
164.83390816246782
8.320891923828896
85.15414797461439
2.9028814967804464
1.783389719436504
8.070812838979855
83.86568489783544
7.460402615412587
3.041799402716409
8.401418324514463
41.54699473984861
67.49179862720713
91.55094323701287
3.401085261757556
116.8622873298468
5.693615474396226
97.27985706461128
96.18265038985754
35.3614753458826
8.379220736288515
6.927155116714059
1.6053770622764765
7.244714787966276
6.125644739402814
1.9227514067869826
1.9657667791617133
135.06260721574097
8.036692495199421
59.981580624058324
6.913276288906064
5.57030795939944
8.216298359765759
109.68401931107996
8.84361579681663
99.97466803724708
9.356470517840986
3.899938343575085
8.085819439419396
3.5028552212520347
99.99463145489743
55.65382320916707
7.337338984285494
3.038811897024166
64.91078110498971
131.71533419667304
7.709496379564682
61.40362344512156
71.8395187335169
102.40163354378083
4.4017062343036475
74.74226882853242
5.47957072439265
8.312592886039402
94.87853581508071
57.653738039403535
3.405604787877986
9.353735133711004
5.614411904004919
3.845242282917387
3.1753892059516953
75.05737345518467
9.454782527553219
48.72018134840887
4.768088888879254
2.7603739525587705
139.15941394685956
3.4741374277062413
44.59054963882828
6.984355586494449
150.46932846975756
44.658825834790655
116.7396496489454
57.12379297461124
69.96908118722358
110.16828254259866
90.30675035187379
7.815613011196127
62.6282193634597
8.925977713307466
54.71855489169558
6.550001525707786
60.327579029031725
6.439627655092506
14.942894875561796
56.809183892986454
4.583364897874941
3.804611926016485
2.701996170026336
9.24152828912621
12.235347787312948
4.869068149915888
78.64662797170838
6.158443087432954
64.4938403875168
3.7203005312703654
4.272468912019423
50.308912691367695
77.63083209561198
5.770885692110822
16.461910717141254
72.41318345217378
102.50680761223296
5.444234443500484
7.451949682339033
2.4799112457611816
5.623952941494052
167.60250240685554
74.41630177459814
8.4436576091429
4.885622711119874
10.657474874482814
96.53211949902698
6.038570418858881
60.93837864558246
77.01841868352506
5.3130914784518986
37.96269633566051
92.38225511498149
8.286950950751244
7.000922484033977
2.064558923890195
3.8855590175296753
5.633345278401039
80.67233523737481
2.6444682734422864
1.1435321610238853
80.90667700299873
72.37231891151878
35.50112388047171
81.96459458841144
7.738061424327977
72.72962541161333
5.115117715449089
3.6484071320359597
187.76541627266204
90.30919173542291
1.1013788313763249
65.0493252259198
37.703664144302905
10.761455362837639
8.29444714057319
6.478579382232472
4.007465824345272
9.208704262423336
89.99338064485845
16.070267895279862
3.8633648731166237
92.5290585702599
58.79469826684121
6.355426575380165
4.41998195472258
8.786926099245163
33.52473787270832
2.6505564474352727
60.216758115851725
121.98047716402881
134.1424585345803
5.881067042762574
3.5923893735113905
67.2450454095746
1.9173897645715186
3.8000488635846157
4.042613003845681
59.100621333621504
89.8891436028959
39.68571597846157
2.820194172864592
2.175773660383403
115.76796782664321
37.54542836998928
2.9461116235287617
66.54634404310224
37.67795182100469
5.650783174028849
7.294992386895799
32.54586663523307
56.5227947617045
4.358408643652897
2.6047764520227767
120.05196866799645
79.23083392621325
2.893593765972156
4.955753024797731
55.27220510120461
12.44969071418196
93.550918453784
154.07573867966434
91.54879631698293
15.499791546045167
123.62626071219726
4.943268579066341
3.881391615390809
8.264367127102547
1.8389580222857043
54.609334429595926
86.28407953484366
39.99012697691499
4.010038356796787
23.195859349244188
4.350475156617512
43.38550297824722
9.062841597392687
92.01557404518873
8.31934300660565
7.188382221918412
51.82135321896862
81.44755390391964
8.783614020616213
6.391472618984511
4.217522893063829
1.7996514460104
8.913825651341426
10.651459643161383
6.834754306687801
130.18391595743927
6.632246261933223
3.812645824071991
2.4618753963008237
104.000468689987
3.8207710189620645
65.53080828097252
79.95279219476397
59.37557954657316
101.96102394376564
5.8686836132468025
65.58727651487257
3.870493066343676
5.483427617914345
8.803559671821262
73.69848125945121
3.744805260908609
137.47208029227716
1.7955469531019277
105.69754874786547
64.45904850769197
3.8841385964715114
99.06992541033569
71.51634040998924
44.39537254984702
4.213222644800338
43.78907673168195
4.6461070648124885
38.27258905478356
51.675237557031764
1.6402563586424534
100.82013314920147
84.08355597915612
32.9281085658261
84.91380990793203
3.543434823269893
7.82598921888598
87.24127526589312
6.897187166918377
4.125723632047309
109.74545443198832
48.16083025608351
156.04541759018446
6.748290496235997
21.77406614498248
71.27085093845875
8.497790831010224
159.07784254466455
78.39149027804311
4.18523153680604
1.229452919074163
3.0228017372120584
7.0102048103734615
3.2179048654742832
4.783473495542839
7.5430163628574265
5.381702158340714
0.24451875194537698
4.686655290753436
75.12728160552017
2.3296737171140394
8.147188831653619
5.120360993458072
109.34075761050254
10.851449912807881
48.077002317488756
130.2278557661416
1.91926817645396
24.844968259530415
108.58491899702871
106.56370237901038
132.25702494610837
0.7920447209247723
57.09727102427085
8.590947925715685
11.68555831119546
4.068515368999575
9.611381576247787
89.41864255993052
8.593591248385378
41.04021183814754
3.3169315587850887
60.13003984626344
40.56579044236981
110.41505216491244
3.213810588133742
58.73391061108991
75.72801693549002
35.32583924231047
2.5172110664337604
32.642796125543185
80.0882206563192
4.9237440219186475
86.53554614474841
43.034029901687504
4.473654937047974
47.85463708852219
3.2288287475968476
4.1096674751798385
4.071177604241824
14.194339861989459
82.1535843858249
47.05185016585767
0.8435395024916755
10.962046918068392
10.668746056511734
3.480053341892817
10.38258240424089
3.2979498893162713
55.209378146439754
30.049920904349484
5.051426456507944
69.08498324100589
41.585095116624984
5.9370492949092
77.38962389890682
6.394394899382041
8.620608516097686
14.196219525765706
7.578751673287837
103.71224451229148
1.401873342344549
87.32983171521491
7.0052990896190845
5.159457035217651
58.5214494236353
2.029664262265505
120.02042627865885
162.0715957556527
57.98351179427888
20.07795686381207
50.64302639564716
52.02987916691338
3.2265042934620527
76.52449360359
61.77966451068509
3.0349444050792114
59.81255924440919
19.12802237806169
7.994327728540955
2.8937237045273037
1.9155839683316402
115.52217008972602
98.93117589153292
2.321541718632746
55.30333115464977
7.824423545110263
131.36469634506605
63.69562120439288
3.890608930207303
78.9527358959701
7.226905639616064
5.292856009505184
68.24325835499405
75.20397898445972
109.35675741794675
11.115932654462494
6.332184632866197
121.57474992316013
1.330780627718113
4.233994046473166
33.8413346335463
30.276143808650783
109.19230943700161
29.43259916537644
2.420915501732513
60.00480127870896
98.61492152322242
8.97742376582318
118.74785666068783
7.151460928708062
66.04335942057321
27.61594201427201
9.853814881782167
36.2568133310377
3.5503536212304008
56.63472248861677
57.797427460529775
3.0740908903217794
94.93484209734847
100.0266625291957
6.338453182910699
13.225983849250389
56.09992648385043
75.36578637733422
87.45651475148607
6.430442975107833
69.10831524972973
68.67567797063218
13.556108053688645
6.142676609194705
2.8389546557209893
36.833509257067256
85.87023556238893
4.5938822258637
100.23019849928266
0.9967898342752084
5.8659461308531435
2.339151657441074
21.799874391917243
0.8184966253831363
1.779442969032365
138.95649663618948
2.085719133164652
7.4377294005949155
4.619095801869797
81.01465647566545
33.748002455762034
60.88637444259817
0.3253822053861708
9.91993247676842
98.97973896898961
6.614187670452299
7.651020865787799
120.66105294857618
63.08751776887065
7.416483259506366
62.646646465375866
1.1158557956830166
84.43332540274459
3.3084645708574003
4.347379637190683
3.06735269421718
25.014288839590915
111.3942201634845
42.687212542376436
98.49122356515302
85.55126340540733
114.19782925828862
127.69602806434055
3.1052215840289175
127.95051783488476
42.1977449582103
53.711410314503375
9.403813952122881
72.31025600809855
119.74619987415225
4.447398563207739
8.189317891680165
83.68520666213604
10.111916966160448
10.084315699325133
153.89326790598608
78.49634108379844
3.3326480441339945
11.01192849995986
77.53169859050759
104.92143234217548
72.46582499038202
8.123172029668279
1.1341627403546153
53.77173049972515
34.96342471702163
6.61131121711151
3.4589679473401724
8.441192724492891
93.80911034004656
5.017421648648574
109.03134168769972
4.545243196939728
74.80712235015622
81.19414985727842
39.42520511329866
40.68307577272885
8.648285878277507
80.52188881525882
87.932588197435
76.83615305165532
43.83979816469868
59.3768224280997
108.13352243667171
108.22535473895606
3.493503364365901
9.01709466586799
22.48699428989265
96.41099441894667
4.94849936837858
132.21183904307287
101.84125743854709
3.002162946952805
2.9019675589344165
36.182805743335976
36.97875586540187
15.497592667339376
8.869279663159555
14.224156553890413
121.60490392480213
14.75696455265155
62.20526627841
68.19346556205406
23.507275611577146
4.468435920391312
119.5044528685469
112.25131293483776
47.264146627083676
60.81217670527916
2.2929492759797507
115.35996897351168
84.79378855310057
10.125921120464659
85.18761554536141
36.36261767632218
125.07912311573773
88.73108860222506
5.193711245440095
4.820344211260906
12.668081897741715
81.63119300729049
98.25500732249039
5.521775454245771
8.237906426754654
6.090568349926371
58.84790612544308
125.22253918779805
130.78400597922186
41.28102932062706
57.29747099241113
90.98702763603528
8.308345097024969
6.9087240005439075
2.4352201289127833
1.6640545838858827
38.581581018538316
7.8776469272816225
77.04624640544671
34.3909907246169
77.98687937532868
3.346963541057059
1.936787708591993
12.737676440619236
39.57726100472691
103.24087294583163
3.9306629128264996
4.356031022365245
1.8309738214205227
2.931859364556527
48.928840582001214
84.93282582092397
93.9922241636959
5.421447227628991
118.88089063921342
4.722311896711895
59.61486732003152
125.00900452646304
35.282901518874674
3.353457246339529
15.408569813268734
2.352537044308032
6.466000863284615
75.37298007223973
80.86920668316665
76.91492365834907
0.944870084799726
53.39253859221782
62.709138434942794
59.63425420622927
44.54464449196367
46.93919334492169
94.21680171010884
5.942139314017951
11.054872725841719
2.3396629943479144
52.32909556614124
7.300608151093808
135.74829399117874
40.428940312520275
30.241144403613625
52.522249272158
1.5707845368028437
52.72571236074203
53.04794974809014
84.06140760550241
79.0663610813562
136.60586071509402
3.074140581942087
48.3435348559669
109.15413499988192
74.15980310821618
50.11933422851633
23.09588724601585
8.66773408184262
6.436573751181967
113.4953512598339
42.99062804839965
122.49064318634034
80.00250270187946
12.18726525572838
5.269791824451714
5.967339548763778
15.87753027026249
10.94101897655367
110.66876669607987
6.909924555174391
100.12159321710212
26.03136504309647
4.393998655420009
87.62406685946702
78.95625014830732
9.972211608498133
45.322684755842666
54.072697001349795
93.80549903283885
59.328417716232124
113.4652921290512
66.90220083928513
4.692738634982965
3.503222170243532
73.2965948463372
4.113183460322811
7.843665300716179
14.648904192910514
4.185338194579398
66.1167390955097
46.111346609630836
138.57819945694587
5.009616633803774
4.799938682278875
9.448440119581399
111.4353828950606
122.27433447625303
108.39699894090117
85.39896172190524
44.352972270216654
30.80066732418171
60.66455263960179
49.672430209638556
69.29554055178939
58.98946241335837
72.18861028773597
85.67232884905542
83.82532448147242
57.64360148281701
9.336981432425246
43.54100408426553
57.86801171654505
71.0103218333171
76.0804443595666
20.139733766554826
94.57766049399724
54.403936784237345
85.34950292927718
9.003043731229916
111.84329527829811
78.57442308083871
77.72413520773634
45.43181052943042
6.732161848799091
104.97761344642453
71.8457505822096
102.91403201339263
55.688455686642996
66.86656515594089
75.39042114124598
6.630535230150057
1.524437522807246
123.68977365881521
5.618051707964355
149.62762656960751
63.179740742979696
5.2419240120127695
87.61349453588974
8.03186884688082
54.554395957135135
5.345107705643402
86.59256568055366
2.784510236162093
2.5057277642158238
6.528546411742804
43.22474565603746
40.974666865689926
72.5862159038424
104.65383250591859
65.8984119833133
8.105747731436463
5.250714407747565
1.6556552455272289
58.212429384001105
2.1638841009010714
67.416143906371
114.1236501146491
1.702559477467658
5.6689549226922376
136.14501769084433
37.04313936770517
45.54101611879358
4.975632507376323
122.04892470248261
57.19643889868807
63.409529013936066
3.064821358491303
43.0087971987805
79.48495058415884
7.474358081466562
63.9806578242981
2.5769350711531556
2.934372909004476
89.03709356305109
104.54484384947635
53.11201224501056
37.638530446268035
4.399048803657938
103.46796699600483
83.64300160463758
8.235598352429157
54.45881441265699
3.1593428027214294
75.21214473392256
104.88800739082244
87.19824987019658
10.154295291591838
45.86936556263886
38.75189048385707
58.097289368199164
66.11463033510469
56.86690400531193
86.25057055036943
61.71563686357003
91.84741275069119
69.03829446219311
6.123738667301546
53.79883791017247
52.30352137746837
137.46320224149022
96.16537089361219
9.858804174973518
7.560006991502854
87.0297599015424
77.51816530714177
12.365841929908097
75.65621430636605
6.973804415051546
51.72788714163088
115.9050711221014
78.7788897302139
53.29308840520505
100.49310191149424
46.60082766462109
5.335167498301631
63.22826273935881
56.301777894900056
99.64488778639299
2.136625782590311
8.334362652825055
5.882379508082866
83.82228179468794
36.16501318612523
85.94334003559501
1.163494157638218
130.1614165077764
7.243587959782661
84.46175486989544
79.09107799846535
71.85160162068193
83.0753229257997
2.8823249688979957
75.22593475336478
75.33636206633967
148.52037728589735
7.383123383726529
8.088296382579001
95.20256619259393
8.218530592855045
49.210778334392124
56.229275746292075
72.16341810325208
78.15822306433753
6.271031833756132
46.97872487983027
71.5551931084365
142.43874750067366
122.20879630350613
4.217095391054502
13.76249184720132
4.404930316494854
107.60412227415667
6.452311699223886
56.23859338504619
101.89114360968071
3.0217298138732898
5.358357316608792
120.64997720998794
7.584804760357117
109.88139676307
24.051045863149213
1.8808072371360298
55.28653005364278
12.586360371489862
80.50794598030933
60.90947018092132
63.37752830614132
85.72528781005836
71.81160660479736
24.921578441774923
33.20612521453646
6.728198345314241
111.80568332606299
75.56207141303368
75.38033325667212
0.7657759231596013
97.27878633745911
13.13640038380919
105.9691917078938
3.1191144414787106
7.020559525749645
43.7172667386984
107.28476945160767
147.86691850110037
38.81226913668584
104.676599012859
101.23589766091348
45.114233033781936
56.44370513988382
130.21553184452156
6.465062134265385
23.430759769324645
94.63891934168899
4.718303622800507
4.143278367624995
1.7731466842518455
3.3328836255329493
172.4421358396528
73.68017033339157
2.21909095835568
6.222281661559672
41.93547165189255
24.8265951312201
71.63809098256073
76.40316791302362
84.57007691240094
154.79006581606828
5.902813772863376
5.103005430980244
5.221373640257786
45.19292539669603
4.628610678171878
3.576766112938863
70.22356468156133
32.117882658418615
185.08582917637864
0.41387678500364
4.504384695754113
62.25826266479193
138.23138333964644
89.13637808851382
104.88307174961793
2.53280709622982
1.4536507870259334
6.663113255040745
69.74652945587874
9.530005913580357
56.805271246611554
5.06403918719713
4.945342038849216
50.56012993334458
82.25654242836342
6.02878380966806
9.857584984164099
7.56719732518132
67.59556528166712
9.3834515725784
122.22452571995046
63.370175724957164
11.921617538175232
4.270974276288084
60.44523403247181
12.409491475724476
135.37213547590454
108.04669128633628
66.54717803208551
12.276131391317787
58.940338589952795
92.06505875544775
62.67813405869305
9.547825145990373
47.263282187271194
52.03403339614377
91.64165260898568
64.37622125573932
94.87740445239581
122.57738962448929
128.4258060935604
156.06875070583203
6.786345243198759
22.425588620154564
74.14030817843106
69.39603267603353
63.083762626534316
53.9066672803642
12.71890341591215
69.77532063899568
4.517744950203281
3.247500533627034
69.51902879008102
43.403367557054246
4.952623057048325
9.795773925775265
32.77075708809768
40.75620557963069
6.078491423423348
32.12024590186625
4.777124929109448
75.17381065486856
78.57121761876786
69.47037427584156
75.89855619642476
10.556136610489096
110.8562236037227
8.669305080848005
106.0348104111061
5.440637708877879
53.62969863062466
51.73164139107746
40.172175518359325
72.81250866555257
91.79243700981803
86.41583032205591
8.359078013441579
3.3427888564331103
38.48909165884272
4.517561139972993
7.618943685199839
70.48135862034854
2.447994674299559
44.35091336238051
4.504569847640087
9.122845059855058
25.632331024131744
2.6352357560862085
71.57847322483623
61.96216901942535
114.24137079974689
71.89311102408018
76.47695931431349
8.08488562423811
138.1935722520014
4.3676738995244975
6.184508829761392
4.698605505771712
100.81359299430434
4.734634355700922
3.7233642915573277
87.84324187199663
26.815013405906836
10.891136231316226
39.03572599449546
62.25804976099
10.85252641021056
4.832136423316301
13.509668863704121
82.35575644312553
3.083495145869348
2.223872036149416
49.59567993217895
96.8865359689317
85.24665910941272
104.91341180735239
77.10157380850771
79.57855885422357
57.35925510114864
108.93789090636517
3.9121400024969413
146.81788639243473
63.33791290030801
4.229790071958775
119.79636431325757
82.33096750792615
50.25931021123038
8.498551433662225
93.80839185789432
91.7292665193794
41.873289648489404
100.87350001914068
116.5684703948327
99.89574986002431
27.50586223595638
64.13939179079678
109.42206622138885
68.78798537939386
9.626627664154524
73.93130146335996
3.3893078995669024
5.2262680386098
68.88501256992816
83.0505854734758
84.96498744679741
81.08612902546139
57.25657312767407
66.76775744420114
59.82455255075015
3.7214474260126336
108.66136265853595
82.13900746030262
8.190590185239534
8.441244717156774
86.17021736234962
6.9577678518697725
7.993502268024291
9.287357508370867
9.305539874938987
60.62676302108645
3.2083375198416277
175.34346494407765
4.314829687719261
55.34586485416693
107.26980119769779
3.749970257955699
59.67145045282311
73.29094501801623
112.41629755255683
93.73089153071385
5.954320107302857
58.63326979797606
89.50843449818345
65.46879104649776
52.917914762605776
13.180102901314603
123.46119250799543
6.199826544725548
3.625685482268283
41.347526388690035
57.360135229450165
97.67519388137572
3.541098116363362
43.13182028640242
41.600464619693824
10.026607546970986
6.040896292159374
77.76795751794297
111.7913289012629
55.27502897685091
83.18220505008101
10.386359556925466
10.684657501317048
6.881364118813809
4.973112056833813
94.25600012969592
6.740293768589422
55.76536471253253
1.5712557767829896
77.315146522056
11.597597696742522
41.038980091056374
116.46835218639019
103.9071335764393
7.552303916388305
7.895239803784522
9.189524045040102
138.58805785114285
50.16339676442078
5.297998493383687
1.2203597512420399
10.37518436543724
3.6809950778257083
48.75627235420655
13.161986404724516
5.122906734242327
39.87647037920889
7.415356191626523
1.6960290049525755
3.326424437255357
1.7753610121953471
126.80401102417393
2.273901071729956
108.68341066712651
39.70570976132974
10.787018183403664
58.414768127422775
78.79547079402403
36.53899486700521
2.9855830236525076
88.23116815391501
88.98545805765802
8.018479006595383
93.26423622595763
6.107188777903195
59.14544700689379
12.290293729321899
7.105120338516329
30.76279995912513
68.06171182963178
14.241710013396204
62.45143769540299
98.94472949813962
101.01571457904424
5.012771970739219
2.2670376531399064
80.63675301095577
39.031561830869975
12.006926858232152
81.97794539211252
1.8125112674433161
15.866296223116379
1.2022610216482674
84.17844211740882
85.88826309937147
111.30001050664319
96.54073207658541
96.92901961210823
52.792555385234934
76.77512894439512
8.128069238012783
117.93149185258773
40.25435793223013
27.918621602642432
8.228740155054608
58.30451780619518
122.43326726934704
63.659297654173
24.54920452754703
64.95029063905858
102.47131328533263
8.65915188904959
8.345556845324227
46.33539012665364
104.22008876442075
4.649508923251784
5.684195979408661
3.4265544124900424
33.47125435883749
7.8747469391869505
3.5661506016142432
8.00831752219873
50.88506107521596
4.974814001960756
57.24342293466386
6.023869837707292
28.40503859189861
80.30338776512836
7.2955670487793265
70.0580864160093
15.504356885637513
8.057695088960134
75.48359005264575
95.2356313244877
13.054686899949692
65.75062439636834
136.64835147477547
72.40554640324065
136.86884524163762
5.995589863265115
7.550594807103846
124.19773631799403
5.014318245397489
64.43713423493824
130.33599597394704
7.129840515665451
33.724743053594416
87.48515799188249
119.74462661912702
7.056316949094145
70.15705263317153
75.32210321710227
6.289787538659527
31.983815431183952
28.68114388318177
126.04250757547287
90.3157789915151
91.6431620249195
155.79477127056106
67.81533590749578
10.496179825487669
24.97940413134822
4.116606812173957
86.43985977136234
93.05557504443729
61.39860923352671
77.587268404598
4.38703156992521
3.8261924974131234
63.09549589489524
38.43368620919282
49.655701529887864
63.56677475064631
9.353805483647745
85.21412000337085
36.772410503803
118.86564674822651
118.61997438205837
66.39090280917674
28.08477705187711
79.6602341456248
35.21450517532487
110.05641611424562
2.9127587592396673
3.039782736075526
86.84199892354854
96.10457640911191
3.1356251200621674
74.6106636454304
70.27967604741943
60.630124501362424
1.9573798743612632
49.310473360427764
5.057320013831665
8.532721059054944
3.9493165605960265
12.153243274647576
3.3116676154660096
52.85740955578782
55.3315232189613
129.01225647757997
4.233712249359536
60.41921044402488
3.1864203543419363
7.76113832547462
55.315023119348155
81.31486283073265
135.4963968405537
79.02826044351997
64.22895899637496
35.91251803091144
76.2977027898064
4.155790111660215
92.36708263134504
97.82235777354967
4.0078409394834225
89.95626715426725
112.67003748418459
32.015112851527576
1.4411548195617554
78.23523847721685
10.042684385185463
2.666618452728243
3.827897008909181
4.313412833435691
4.551406336339342
6.6585667434407405
7.295984575396377
4.020598845511747
5.821885289277217
2.752606474170682
2.795227441911841
1.1763934195716623
84.30778196315586
7.169026629025673
98.04376670935079
6.9049900701679725
86.68900172102161
80.81924677355467
87.67900235560283
124.50512415160063
57.408155642763404
137.6817156115333
10.67307227752433
89.1186138160872
53.96180258227557
91.74984725699447
11.62547863258568
76.73778910579001
51.025113544292026
4.804682472913295
3.924996886056692
20.27007387112435
46.478210659212905
4.686298034834057
132.29684131091545
50.61007621964134
43.266390919132874
95.05457355873438
33.509204577417634
103.85619224236665
33.60283341774953
8.807645614714179
5.311900961776293
6.701160759577643
92.86301413085472
122.55704196427027
96.66691030322048
8.623397079868056
5.41878778258967
50.879394920403236
120.10532994137449
1.8485533425463545
119.8360858544658
151.55363833603582
47.572441442600756
82.17667435174737
3.532890408809453
3.035207870495014
2.9620979339199813
164.94483798741453
75.49852467267142
44.92041901891278
5.354497468841717
4.581209510260803
82.61601782481972
66.0316599818496
9.017988575479631
84.3649019636427
67.19258268801421
10.82724210342774
59.52244259865762
101.7249554754286
46.62574267475312
73.66847596846749
60.1839237346735
93.34041453413124
3.723444233093629
7.229303372276278
108.4791377176637
10.328921522676177
74.5242241794131
67.79564556773208
4.052660783878519
1.8414647125832486
80.86524147261696
79.56445504365665
4.079875475321722
8.754185713621428
2.179025207750404
79.83275080482156
102.07546381795188
2.684492060573759
55.226760588262444
2.90605084939062
7.075820598760201
70.31659369067056
13.367697818255749
1.3682237961668733
68.71681200869112
90.07507722996553
43.58639062775877
134.70134519814604
8.538386772110245
52.08434121237772
127.6395043800672
8.084619761262266
78.53582620315801
59.518888071962074
68.63808728099383
65.82043182638012
44.70200861466218
91.75850624242449
103.09821055270125
38.49018749472678
1.3850822771286875
55.44728248372285
60.281975972989194
6.43734387924586
64.01124905585918
