74153
-81699
59816
-391698
146772
46069
-123464
-223306
12719
53308
-63564
123343
-297114
76542
26066
-93699
-63024
45598
-49470
132670
-1831
-22267
160413
-312708
104948
176678
76262
-158721
-193780
165828
63891
83850
-51954
126916
5716
-9586
-55558
143584
-252225
-63823
55408
-54888
128733
-282322
42685
26066
87240
-62747
6456
117173
40204
149826
-68927
77969
-415344
141893
176241
151553
132073
74641
-198272
-114280
177577
63891
-145129
-91955
24413
-388895
6699
-65126
-94722
37157
-76514
23197
-49092
127769
100651
28296
-33574
-11094
122991
23310
-33574
147989
-11901
113928
-408702
144428
176241
61406
40729
-33259
-21654
239835
100685
-228740
-71232
-1881
-358981
140295
