942831317
1330322752
1054019870
925934851
1603255296
1419339612
1098163704
1088766607
937051788
2139024944
1405893606
2012353432
1390196538
1168871776
1767688221
1492959049
1415533369
1229235756
2534052858
1684564555
1559118070
1484273019
1173429127
1625322440
1322898020
1322537177
1497707228
2033510388
1843414542
1385566512
2036479316
1758100047
1284679694
1347371166
2158268637
2081374756
1664105605
1497088113
1442675278
1477856425
1146937929
975328336
1218910257
1548069874
1502123926
1444041361
1197828346
1454560380
1549334175
1120433880
957511924
1017949741
975986841
909141028
1540796591
1196372536
1277236332
1743081725
1941062414
1565432052
1247374173
1206492974
973004243
891546638
884648375
1351462693
1521615224
1253365931
1198616769
1141193606
2298894499
1413184542
1055562422
914191221
1449170661
1860744367
1315137370
1129254876
1708457906
2286190552
1620672832
1430278871
1222628144
1689125936
1935882890
1439594144
1258536185
2361789863
1605667262
1482961155
1836347944
1995149644
1880844870
1416854532
1178365605
1223878794
1726257303
1280307795
1230890676
1476119852
1769101253
1655689059
1192127860
1002350625
957930316
883852962
1245502590
1482822814
1358717074
2087491622
2172252577
1478927891
1179505002
1065771025
950347323
1299986974
2234759150
1442861816
1986548096
2070713785
1496981920
1627498241
1610848455
1632547191
1469706643
2303439895
1542053693
1692086284
1550782117
1210426577
1667021343
1329738470
1261446962
1356379856
2167746533
2322566126
2252458579
1793804885
1603884446
1455621559
1322300509
1579739548
1440894268
1362722119
1798696391
2158123343
1551115888
1296881866
1198014343
1654969048
2211966371
1581531913
1342254082
1565675704
1718607849
1391130917
1080389521
1022689020
2312652375
2029421151
1401791880
1378770116
1067553352
1410646240
2295228815
1491477178
1307798218
1551319003
1350307316
1116249602
1383233203
1053339368
1436194693
1766838534
1817018323
2063433870
1592600908
1241378799
1306382623
1244451734
1002068561
1232717136
1424456782
1339798058
2271804270
1938509240
1537275833
1542928299
1131633386
1058453413
1467921158
1119737852
1197443910
1973461827
1544060610
2052352611
2042826314
1354209001
2316449942
1815889362
1314007723
1516174803
1948051974
1406063724
2397612821
1794959320
1384531200
1963592018
1503486684
1635775254
1238539729
1298894245
1171898406
2364731375
1611936696
1456984353
1132824214
982407911
1157505439
959334555
918808953
1616606072
2382746905
1775690273
1633920360
1196016552
1023783342
1218896704
1088238340
932832066
1001047886
997835410
1532080735
1449676542
1915962305
2419987443
2026050253
1969406061
1339929547
1095293023
1071254119
1235714523
1249886470
1924769712
2691728426
2362748737
2058971626
1561003935
1175236738
1204789593
1216608008
1304373879
1502388244
1241736476
1409015605
1226636092
1040628015
895138666
897924043
1250086548
1045459499
1059976217
909086118
1203317417
1271866319
965047107
1351018600
1329290357
1016881253
935569179
1149000827
1349703758
1419543745
1981797349
1318710606
1253834831
1312785828
1027436983
1763148995
1777043644
2280975446
1745203514
2218352240
1503411512
1195599336
1370014347
1289239976
1229561660
1967184364
1444707824
1792719845
2526500766
1752200202
1436803299
1351818192
1394297405
1102127681
1782398034
1319038318
2247454791
1515028121
1687914368
1692139814
1264890481
1549563614
1225905948
1438733618
1278451371
1663901003
1200245709
1158956305
1554761223
1279200532
1012974773
1714705722
1343765555
1420751649
1729544003
1209540851
1149902536
1559193610
1311156745
1039621340
1664340501
1172132399
1160087085
1300836361
1204141475
1204080898
1087135880
938163509
1855085690
2316613833
1441396283
1183077845
1311493092
1518533287
1523649991
1316669504
1138564170
1193694317
2263262478
2258643654
1872502296
2066069128
1785073540
1752482481
2146958585
2181280614
1627035819
1547615540
1998235042
1867963234
1858831157
1426144957
1709999855
1910396578
1902664192
1959955073
1438647601
1393671906
1679484581
1550200680
1198902478
1316990030
1472088847
1654982522
2251009969
1713585445
1609511685
1231279481
1623020582
1389065255
1152901889
1725651396
2261125552
2691510391
2371739317
2632760695
1753878663
2157772072
2172529951
1769449715
2235558612
2130570457
1811947208
1490695178
1567953850
1810914553
1499496477
1380143693
1200939883
1781738056
1430373394
1156121728
1037266348
1205320022
1625782546
1438822007
1211854364
1036345551
1856134610
1501818052
1338082435
1379282002
1858480563
2109374873
2423714719
1936826068
1595748278
1925334762
2040705334
1453006607
1835121924
1625774546
1321345875
1258418026
1422026584
1340159907
1926593123
1434508099
1129319211
1730566723
1293284772
1080721703
1098380652
1034570681
1114347620
1791825489
1279198308
2009992929
1864783865
1555501931
1255491215
1869749706
1354302025
1275866141
1313885636
1206652496
1218982515
1312024653
1350243462
1062821175
2035395471
1658441055
1728498708
1369422290
1292693181
1164681483
1323969467
1304850163
1221093905
2160342903
1512465276
1218776727
1184909700
1400520421
1231985025
1741269868
2044049166
2328382210
2394545196
1586308198
1284157871
1265858887
1234663648
1237039695
1394563025
1708499276
2083312266
2025720837
1373667936
1436119505
1612435605
1316559547
1534513188
1312014610
1214698154
1182882624
1614016556
1168936870
1475120143
1620832461
1505969405
1483771579
1357368170
1309539083
1160966467
2069164920
1983657107
1456540323
1149375514
1968068683
1630049455
1631436606
1780122364
1377361307
1268177671
1244646691
1092577632
988895998
1397326478
1088275806
1219796935
1240844503
1160837302
1074422092
961523365
1057546014
1425335359
1371110837
1050360037
932651698
1007259691
890779642
1705479044
1422738755
1366141207
1101015053
1854302003
2049950762
1494813688
1450484330
1095753345
1252852986
1896814579
2295278568
1573969193
1682617361
1996303078
1856648274
2052766419
1732926011
1563881381
1675560902
1831430354
2150716976
1606898364
1406298804
1356485071
1562130289
1206976040
1655639254
1493971079
1616159455
2320940796
1630473994
1227091728
1162492632
1212616139
1021807200
1411582329
1741717778
1482175233
1205676369
1138221480
1103633740
1156837802
1382929593
1856364710
1481572952
2618865442
1702949559
1250514228
1145645110
1984488874
1841624493
2705168263
2648626639
1778517191
2749939273
2114888257
1958001649
1603621806
1968190484
2009897384
2765782671
3143788538
2139824216
1848596735
2123148701
1841390410
1859905032
1457369208
1756389836
2390142639
1777986687
1701160647
1349225041
1209025966
1147083690
1002950923
946741378
1093619271
2172782170
1413190548
2047615780
1515999658
1126975321
1356765831
1036898326
1548954827
1254865682
1719242691
1305244702
2344456684
1713442088
1280513956
1288726026
1081014749
1054470971
1128472816
1343895692
1610049111
1488766028
1296873908
1025438736
888221888
984260933
948984723
1445455425
1726778845
1572691660
1390629485
1537548656
1134857524
931333358
978154254
1276459437
1894236944
1755076239
1836047551
2056656345
1718253554
1784938387
1332743399
1472036515
1163434703
1283494261
1101601094
2199490142
1646178470
1568357739
1658004721
1690012483
2662064116
1667256217
1275741771
1141020690
1024383737
1173316797
1427895538
1449103531
1860590859
1828519602
1343868010
1083314013
1649016190
1205882694
1772107479
1372946104
1505479464
1264330454
1493209411
1319711025
1177468882
1192708218
1726447378
2159494162
1623700186
1896307006
1368935222
1521892259
1274512039
1413779545
1131741622
1568945788
1896252733
1898883359
1376230430
1476977369
1302560410
1091316689
1341431160
1258989018
1690566770
1451553941
1395793806
1132985676
1059198871
1119786003
1077808790
1511065626
1573097511
2001454813
1738524959
1209980210
1172916103
1044469166
1186325746
978631276
1306207525
1338248992
2286462181
1695019149
1184746634
1065183394
1480011001
1612614304
1164398820
1086645626
926889984
1139909676
970715128
908586489
1003826499
921518616
1250737951
1043879193
1070470426
869124003
972681506
950324864
847320522
971096515
945777062
812699818
881609902
1220114233
1415052580
1292555340
1923043805
1215729044
1242436303
1459539472
1056402586
1185218019
999359706
1808845442
1226588058
1389422661
1044084670
1469796430
1226710288
1099223480
1440812694
1054887360
1885892001
1255727514
1046965853
1021637538
1050268454
1285952168
1117156512
1134793310
919137340
1626435687
1240373482
1065802503
886219724
986330275
1758186141
2103867001
1380125429
1044592155
1807935271
1764834770
1865016073
1271164851
1635081867
1766021915
1402029879
1206379913
1088052762
2038893837
1931928842
2352117522
1572269676
1812511315
1367984054
1195767426
1296353938
1657331655
1441991856
1621492559
2386385757
1908347451
1881425514
1466081493
1851670990
1343298167
1596423466
1439635352
1155004563
2244285784
2045073795
1567120498
1872225747
2366313241
1573621871
2293175159
1615763573
1232735956
1933831985
1771571873
1559882993
1223487448
1377035090
1375909226
1582870189
1201167642
1099025740
1697261083
1809705178
1922732405
1362438032
1057832300
1085078544
1175711044
1095381616
1303709704
2264253518
1491584476
1130221823
2373919570
1477800940
1106669430
1273749388
1409294924
1218666641
2463233022
1624275645
1192165511
1638366886
1428875600
1089663164
971522914
1139864213
1055661920
1172443029
997451710
1184222202
1045663283
1550701733
1100678987
926928335
938650517
1154030940
1113466631
940360647
1386538500
1050312843
1169230664
1033696553
1175934183
1489032433
1919969679
1531989517
2480489582
1648425665
1307994425
1613083127
1850574021
1757312456
2256864763
1934085904
1542243576
2149531369
1690980141
1972310943
2586895654
2808975021
1952254954
2536317465
1889508108
1469812058
1861923737
2200590518
3040862159
3063062557
2681530531
1996007907
2480462510
2019451247
1597317015
1704530153
2095595485
1941803451
1913574136
1485047019
1982554491
1491710790
1544409524
2050973956
1769179768
1533252717
1563928939
1680588979
1241555780
1322976605
1128671019
1050332885
1714614693
1359625872
1279296839
1850400762
2625626681
1617872436
1367345764
1384204794
1266437569
1195363407
1236611595
1475724381
1479122037
2342392208
1699980168
1626232650
1559184875
1288076736
1106698823
1973490659
1992569135
1446307213
1287284745
2466446266
1643423997
1257936931
1146357153
1057638191
1255302570
1936932565
1382494802
1276985949
1370770456
1182087749
1014238334
1248650495
1333520362
1147139364
1024530676
1199577534
954692494
1010199877
2021937508
1865798818
1370946313
1439869419
1477626837
1176929319
1099357534
925080667
1310109589
1692275082
1717843381
1194056367
1073172696
1747460701
1765840310
1231665251
1109304113
1671080167
1615736651
1971778045
1330612347
1300233059
1314706522
1488418603
1128525487
1016067539
1681758199
1220763419
979190602
2032126088
2217027410
1866419710
1455174924
1255438868
1204881804
1058320056
971043840
872146060
1855044388
2813099346
3138246994
1921020484
2299628181
2008440400
1492258300
2440170214
2744000237
2309796966
3184056318
3567745826
2598449616
3073875425
2653246469
2783378467
2050761173
2416189446
2312927325
2365072054
3040826865
2736777777
2419098949
2224228348
2726810916
1961493265
2397042003
2289938609
2114080865
2487554596
1997078761
1863993074
1496253951
2066611846
1710300859
1602602199
1960388924
1827733361
1871793454
1617905260
1821261337
1394973762
1131526419
1172071702
1083353842
2323867583
1590999696
1196273674
1048750518
1325977596
1275954610
1026086436
942960454
967282231
2028600886
1324882784
1041708303
888037540
1518235722
1348046367
1272120755
1011256742
1039504892
1405863636
1054530670
1165940275
1047207538
1079864215
1246103428
976754874
981106447
866243326
1233083642
1077901129
1011536509
1387124648
1063144284
1034123221
918220416
886786104
822486071
1413642071
1098802470
1068852498
1301979043
1135878258
1312843865
1191482049
1095309799
1499468884
1193802724
1141201937
1137769210
1342512782
1415291863
1660987432
1453586833
1204686566
1130137276
987652258
2298316775
1497200622
1508763271
1902390952
2018183778
2624992687
1943999777
1471609973
1245757766
1874456103
1469333818
1552718072
1524797912
2275206560
2807116217
2676532154
2271210503
1756792711
1973396087
2491416365
1709443729
1754010615
1809231133
1920498283
1762100957
2152894784
2122071431
1719613672
1882676566
1376573273
2371608231
1727478471
1345343445
1491211849
1460569404
1794442055
1338017771
1586514163
1182888373
1122965398
1273510515
1070504359
962330262
1040181814
1310476065
1227565648
1386523808
2217440977
1390672540
1561179210
1539228643
1124313894
1098227514
1113014160
1996422356
1839875975
1424185432
1203647398
1066018589
956525585
866124350
945157741
1008350099
1660563738
1738773510
1220237924
1034961446
1003810433
872295466
821114200
786879546
930563144
1515004492
1138922406
1147440067
1031733133
1649874518
1157177623
1193811078
954359250
1125813703
1816142405
1281825003
1512945121
2323885134
2044542024
1522547062
1443545087
2114157454
2129867130
2061196898
1778444459
1784029124
2583667747
2189703732
2301953217
2255209520
1665938534
1486910084
1426395961
1994662238
1653804021
2066264258
1600111012
1538116622
1616840343
1287031580
1073971498
1322961625
1508492526
1400601512
1406154367
1151808276
1000913651
920675377
1450114568
1163120602
1042896413
948027347
874126333
894308916
954320591
960716630
832371158
1368335118
1401273836
1018531633
1065651693
890320435
870658262
805724905
1108698997
945355411
1088237412
1247706657
1001431762
905660365
1131901331
1054838663
879743697
1056351645
1245886829
1314344255
1540429300
1228571612
958306764
1275148449
1495080890
1310065117
1696801780
1593578476
2580571976
1983993857
1786369464
1434870073
1158190424
1000964617
1334428241
1937398414
2290676989
1561415714
1797518789
2373071392
2252977950
1547116546
1186488973
1558266365
1411481144
1530548397
1182448046
2507611437
1888853142
2324081980
2012626883
1412968103
1215262929
1326647416
1417165415
1260600761
1368714214
1086916285
1807632452
1486715326
1110405750
945239281
2056724975
2073531335
1918229497
1611869597
1182154461
1824943920
1761890646
1328454150
1057486989
2128417011
1699337549
2238911076
1813371337
1686612289
2227408457
2758525473
1804918372
1345053325
1339889263
1138107143
1954809238
1416244166
1330939053
1971717136
2601735873
1810674156
1849877170
1433262436
1191741657
1914466448
1475223195
1163763250
1949304931
2578885063
1776498109
2063124867
1953219139
2317746908
2240330370
2353323234
1660049710
2038497662
2170308858
1589694551
1675963289
1598007981
1310354898
1521643812
1863817325
2372856365
1759679415
1785116394
1487692005
1578408914
1349302716
1076958527
1774196917
2177041743
1689615329
1320228962
1427186178
1470517210
1542670379
1434853431
1143533627
1858027192
1688222569
1464390716
1330734519
1416309008
1470983930
1146119425
1443911967
1652859328
1733147779
1295089482
2108765897
1953793986
2119506744
1588290923
1314646302
1606252949
1244336319
1303550229
1244003530
1789804686
1614317839
2405458048
1658612393
2328395508
1648613052
1300687754
1298736605
1722414862
1481575556
1813485788
1482221900
1262756787
1479093367
1151013668
2005788472
2055186284
1673448361
1396789414
1181512384
1148035127
1212645494
1220870165
1085591199
1913332356
1975276993
1511235614
1344116880
1082333282
2257375005
2050895586
1404883523
1808440946
1604864237
1227565597
1044496964
998622899
1418179179
1666935386
1921496737
1373065321
1535807345
1609764689
1194883142
967986874
991361707
1803109486
1411994692
2437211494
2310324420
1782268686
1841124487
2320041018
1535721133
1647018108
2172769799
1820269587
1802402999
2202166267
2089342653
1701678228
1782007921
1401661355
1746883728
2094570759
1903332102
1820566558
1504960698
1640763345
1630125671
1510168532
1318353298
1731413046
2294621886
1973227119
1881856226
1387075722
1370674155
1508257557
1905585449
2351900075
2466865177
2869994838
2732087041
2346102316
2054916327
1679937345
1574830137
2033050361
2303052269
2278433443
2818934101
2756720797
2816141951
2147407961
1670161797
1525304865
2140975510
1663739159
2043552377
2119379251
1992249760
2277895324
1788057244
1368837257
1524169379
1978649552
1452471528
1316192785
1532957860
1719591298
2458344267
2896283727
1835419015
1846041902
1382546101
1449315342
1296617500
1722133072
1763805658
2383637233
3166227652
1990567328
1946219402
1424130688
1905204912
1720169185
1521363406
1711952014
2237496205
2865739387
1878529654
1499737263
1643855629
1697834797
1358407381
1286814573
1512434663
2045490075
2331252267
2594316819
1821903235
2451750469
1716128583
1555788244
1724499514
1608199459
1629918595
1436980737
1389175964
1205901264
2043658615
1562368874
2210826263
2100017798
1573798943
1579637287
1326451897
1090931299
1031142776
2085624191
2160014189
2022690319
1663073148
1244630020
1968852919
2214330974
1472445493
1835416885
1473163407
1580530096
1591481659
1358086345
1077477652
2219991461
2913626121
1823830857
1615568480
1330466064
1549550231
1492354470
1173570955
1008968330
2419118383
2696303323
2003105118
1741462896
1695228244
1867017716
1729370123
1303494282
1982831887
2461245890
2091845173
1707578243
1684888396
1757955500
1301598813
1754175373
1301330110
2502000801
2213157597
1678376900
1360952898
1340323710
1883162574
1339563051
1159540327
992831293
1334986703
1681034972
1229604584
1140650810
1055831875
1628284365
2333729537
1579529664
1204521109
1295427868
1452615381
1137021615
1673861245
1227883325
1403699392
2223806637
1700989113
1306497312
1964437427
1467927019
1213728238
1148902918
1172106744
1206287231
1582194652
1371292152
1076480395
1128689688
1218289116
1041047222
1091860393
932471419
1220424101
1294007991
1154943291
927467098
1070858112
1461074059
1062773687
1042344078
890927199
1255544997
1478042077
1154647166
1091926322
2122222141
2123013065
1427581732
1235237215
1037960943
1662494361
1634036140
1218361537
2464190785
2315663207
2251143502
1530983970
1663326379
1241234163
2186767618
1498368785
1219288321
1097451877
1624570982
1905181495
1319886289
1111202077
1092999060
2063046379
1367183434
1573956852
1189864406
2037011360
1626470623
1239683552
1098527259
1598153213
1623855647
1508831199
1323895449
2083040781
1681376259
1367003544
1672431462
1244573249
1539859836
1517665350
1558979086
1252742289
1622413254
1434207737
1674517626
1264013253
1050040186
1036649796
2132426714
2006568931
1375512580
1235980714
1093350873
1323915880
1171964427
1008999388
931078662
1264517251
1732052346
1306376917
1319718782
1020742379
1291494007
1720751218
1219874995
1202059817
1208671491
1099955889
1172396604
2158376705
1385784312
1198069106
1547964342
1294363962
2210167677
1802252089
1355316877
1089100666
977132407
980439562
886847089
1497529240
1284682344
1685627613
1373098943
1613599058
1205648275
957890355
913686807
866590311
1431603806
1239688480
1584757360
1165645240
1505687829
1419949999
1235195760
970106602
849778979
1320081582
1054236236
1567744688
1108266742
1278026599
1314791252
1195903742
1026086237
865933190
855642353
957407444
1672461215
1161749843
1412641306
1494129422
1295287781
1718871319
1538741124
1199260378
1349961853
2100967774
2299481557
1491013169
2236524715
2812007961
2096831901
1792459838
1511666138
1621148350
2160808612
2858756621
1898441127
2343841686
2853368419
1950733219
1527947452
1387591888
1680158595
2302687373
1620775537
1352306068
1485510671
1709809554
1389516799
1187113014
2194496716
1750775458
1345464594
1068086288
1000591445
1212700802
1388484074
1132989204
1441786227
1263723957
1288400758
1086314244
995017402
992260147
1226401698
1013871793
888472117
881079901
900035007
1199242005
1995581164
1440512353
1178031902
1355157093
1011057537
1079702705
998328243
1312374487
1340078986
1119721585
1659454801
1784186296
1269068385
1033841923
1205318207
2018009890
1454477419
1185019275
1065664444
1453138272
1845861204
1251733650
1719228594
1873695899
2095918432
1623808312
1389196876
1863493315
1683849159
1297384754
1050739217
1546673521
1887139622
1727685868
1283173130
1267937317
1162961025
969826846
945609817
852537060
910468597
899407171
1290188942
1009619545
883147057
925511310
816012200
1037351590
937531389
908437247
811317057
1935288957
2169819048
1496978914
1210012412
1740617259
1371708818
1917803547
1765155260
1263244798
1070633228
1073338893
2021526227
1342326445
1653860574
1561528751
2359255917
2006855553
1362524361
1077355837
943581235
1997397756
1372740330
1071398167
964033880
1168089295
1519035788
1100303385
1084664617
963323052
2252440315
1839913484
1230059686
984356972
927346108
2063481679
1744588455
1740640051
2450546863
1595619059
1388149676
1961997534
1512184102
1410729348
1813874604
1439306641
2083485633
1433194244
1153705005
976056041
1420170821
1233952966
2435107584
1815465904
1276121127
2155312080
1425640996
1869332734
1298044354
1366799969
1164415475
2188796105
1759727696
1257663721
2201165917
1714419598
1734362970
1475154698
1572826250
1344083665
2020114903
2048823527
1435061119
2109726798
1680764001
1725631097
1611438932
1725793807
1362994569
1963071995
1828991061
1617912502
2100728325
1766080440
1363684134
1666340562
1298663079
1218025720
1468182788
1541889914
1637079154
2559332478
1944426322
1364796366
1241208248
1098095012
1289177528
1603884121
1278668729
1986705725
2138194320
1735704465
1397744629
1230607279
1669585613
1491833526
2473278621
1660434448
2358220025
2206272022
2376467225
2440790087
1813920638
1737116238
2115044621
1742655149
1776945457
1499419096
1401538474
1942769171
1967078736
1535010083
1456202619
2089901520
1552038369
1443371811
1150794610
1088299041
1296385860
1553328507
1151486374
1418240040
1724152624
1997026663
1803736515
1400605355
1280471499
1020043707
1213543521
1003028131
1776432751
1926713011
2264816040
2327291593
2040337436
1380024518
1088190092
1073067444
2273825209
1506666444
1996205008
1791585408
1362879712
1461749142
1115353873
967291714
1236076373
1034161913
904836797
1337526235
1100810696
949949037
1043624244
886447455
833916881
1486717194
1062577186
883410902
797962172
763757477
1114964110
1151754133
1057174233
1225562312
1334922628
1846026628
2052854324
1289307135
989147099
1307904902
1303325682
2179753000
1759909791
1234840532
1024830131
1746237499
1239368336
1039392689
1696656110
1809724137
2251036510
2363831661
1518904975
1141980193
2126767480
1544337785
1204990188
1815958229
1486995795
1256295906
1701853015
1685376424
1314501100
1473275872
1664730630
1190564101
1790332851
1260044920
1039974770
921700364
1333156583
1094333133
1087920320
1784406737
1203812169
963283780
868670684
1100791629
906854961
2078368598
1364782017
1344494383
1111646155
1422616248
1043786865
979070841
1544466148
1527565106
1715187586
1955898297
1392690844
1185314293
2036888136
1991519737
1384839719
1579572134
1962727675
1749047748
1366358174
1092350754
1810703454
2148866776
2689533915
1812791451
1498385051
1613669102
1306328033
1127529227
1051180665
1316778847
1121773651
1222554636
1601815553
1390634868
1167897089
1078796961
1082346612
1645782574
1328013305
1065429183
993881834
1683361706
1695216908
1367979294
2235202608
1607699536
1649785571
1279793615
1790562111
1378406816
1919105555
2052179928
2372382146
2759173798
2158376326
2241877233
1694562003
1712967825
1550258953
1455033740
1289158055
1641258675
1691064621
1366354720
2237233914
1974636996
1374037777
1691357491
1275322900
1091799341
1396522812
1308252622
1152553020
1711391931
1833489497
1276369571
1148433281
1004167171
1609437122
2052712672
1996471062
1384870026
1345815623
1945280826
1660588271
1356328598
1281498240
1230700899
1877614851
1396665198
1124315032
1224995465
1297370585
1547583847
1990372470
2210895527
1432695343
1455857889
1192127821
1020759607
1137990903
1121458867
1834019192
1588781109
1627517272
1172360114
1171613898
1697951371
1246594196
1320715803
1633952433
1845519402
1389450156
1095443506
1006352913
1017637595
1066901409
1230201092
1499483768
1520580894
1405161580
1508336032
1102092578
973963999
874285564
1146515850
993670943
1254694999
1196087288
1239862509
1864374400
1486445946
1193352244
980792679
1121913254
1104330196
1028139427
1390010343
1052838266
1760009431
1484082643
1465386213
1443761981
1282723897
1383953832
1144388822
977320406
879253302
1172173040
1080196817
1131239927
1099429465
2083046810
1578354627
1617288426
1168667461
1255368497
1032203407
1381013544
1412882204
1160537445
1766403370
1514124258
1332180364
2158816119
2065706412
1494510843
1697071710
1800794230
1470343047
1358036004
1659767818
1525546847
1173072804
1852218621
1636149667
1862273624
1476702079
1280217197
1342268304
1149512438
1939143553
1328110442
1392290822
1450688337
2428090125
1845149879
1558932877
1313495830
1150756688
1526169982
1586528817
1432126949
1341899727
1544242058
2100105227
1854637669
1441143749
2189307745
2036917844
1491370222
1720103017
1419697110
1148833484
1974642642
1575351394
1198155639
1787777190
1481793343
1135956585
1930614761
1425632262
1135783332
1444829887
1108299575
937763565
1212115423
1104721767
983072655
2359204474
1571150243
1904698907
1575845449
1176655543
1027647902
1213439602
1183049594
1274246025
1703330631
1749961442
2149147488
1654898018
1204937655
1029852393
1312559858
1406087308
1337814011
1654069739
1812070893
1698522245
1369295748
1094203796
1109110672
1188407382
2292729035
2253587611
2293303892
2045435987
1757950805
1321885871
2137287824
1742039217
1294543697
2136041974
1665577290
2015059734
1655241538
1706349314
1342171339
1272900603
1309480236
1070868435
2066870505
1394381819
1265236656
1270949360
1006735933
1575935783
1288508233
1475347559
1905949689
2214490003
1438423574
1140932426
1411655691
1073200791
1875579450
1921558396
1652755463
2159722404
2066913431
1547462086
1501994846
1287421189
1257903946
1104689626
1118067714
1248362067
1795224237
1699851815
2172923043
1786527045
1371628152
1657100488
1243809150
1166934108
1676410643
1580491028
1475313062
1661615877
1570510051
1392381472
2402232099
1562965152
1433701329
2178934296
2128583692
1590267094
1363658826
2138524399
1671695450
1539338538
1201430114
1132091996
2174013154
2145560455
1488829557
1265325451
1420499083
1143981599
1232355984
1260705933
1214890848
1922754886
1554028751
1324165646
1319158017
1072610847
964266806
1331519350
1053042141
1137406643
2029568564
1455955721
2157314177
1494544761
1126033794
1160653312
958440247
888042968
1372142505
1482051582
1372359331
2018947675
1550725973
1115966368
1322839306
1011820766
1119470244
2083516487
1521474421
1178545986
1973700418
2160987006
1420747149
1641729776
1267986097
1481079735
1624479262
1425291997
1126756829
1191901007
1729795642
1389561118
1424483939
1860904910
1300159400
1361137518
1296097838
1053960094
1163936892
1490025263
1232881193
1577798750
1684712119
1192327665
1412113161
1285284929
1084533661
1907450282
1761007156
1696014094
1787160246
1834371168
1435629762
1921829929
1557731858
1807217516
1489979276
1191579232
1115881996
957408924
1892186492
1618863084
1780888857
1638846786
1305162767
1252190899
1029580723
943300419
853758671
1691069507
1691004996
1419005744
1254040562
1020565784
1485701675
1438219632
1086472489
1332387219
1167483163
1488874708
1362014330
1083268570
946660475
1435127434
1382130233
1076330310
1117580040
1071820537
1599965688
1205606367
967216638
912250669
2101142374
1396472951
1470097189
1730904301
1279550848
1167533347
1071220095
904935689
1228033189
1138242326
942565086
1003780532
1763621379
1289969513
1120964843
1438299478
1046055210
1675343254
1192659294
1013470687
1088702822
1414422212
2348056044
1952122475
1720971186
1810586210
1760973709
1282201437
1925965101
2296825815
1568081355
2267861584
2593770997
2336936171
2138904697
2190931394
1586020483
2099018136
2225989389
1642966108
1799441167
1612623390
1798957149
1644399460
2033666322
1566496018
1883294683
1549471949
2002544303
1873645150
1367441460
1495780775
1219668231
2072360058
1568347288
1195500400
1187034092
1133967046
1711342985
1342793280
1854995502
1391171898
1545034981
1330535855
1060739157
1256418412
1069530969
1877738141
1487956362
1752470486
1912659551
1657749214
1434251933
2438433219
2012944829
1989070849
1778977437
1551294457
1281387512
1687439760
2266170913
1812150222
2293203601
2612156796
1997445627
1691222987
1339145326
1162949231
1190626468
1754170927
1684970660
2361462788
3078666359
2182071987
2062158625
1510629457
1371974115
1158105798
1463569255
1677109440
2712316222
1784668462
2538867961
2217693301
2856066163
2258753098
1693193449
1843246798
1710838507
2683562780
1847555494
2169525363
2073638880
1804782388
1886879932
1567958322
1908648927
1841358919
2505297836
1712265572
1465133050
1407290493
1290118574
1482631162
1523374709
1932880253
1561459507
2097865191
1495384459
1412968183
1414563709
1184157782
1809712473
2138112132
2255407938
1638092637
1938628968
1439057900
1956177795
2240617839
1549139683
2373793279
1944821032
1579010817
1720025868
1789833459
1516294398
1751447286
2203508213
1600615753
1380340868
1359920352
1149895101
1306322322
1458692447
1449165603
1110964100
1489664215
1156394854
1102365601
1125937434
1103241441
931075262
949988308
837451748
790982366
1381507865
1111048224
2038336804
1335889824
1430715471
1090224560
976358128
847378195
1222535581
1633732418
1572689504
2247672842
1560956812
1444136903
1973352213
1460370520
1147621712
1209849454
1080173450
1539181754
2081382414
1689205779
1546110465
2297290498
1688445782
1429503501
1273843109
1071970709
1253780755
1570136513
1471555698
1445506686
1993586514
1919755921
1842702918
1395751581
1348945147
1054845106
1229733541
1371264130
1430282341
1910488489
2196432928
2294745251
1706787684
1725661203
1240904918
1251414118
1343264458
1474140109
1561385197
2309895659
2759356860
2700895659
2355103522
1909650660
1786885808
1434175071
1233244819
1495401120
1214936566
2134782594
2323037256
2502624270
1810877460
2014463621
1436696112
1232635947
1965545833
1397602989
1685742377
2492711729
2011225854
1460807270
2076890994
1528213591
1537878644
2180356621
1654102561
1904512272
2223852555
1877749530
1487873029
1721793723
1388320434
1895913321
2467742117
1835368167
1967581396
1404886871
1159714345
1606225255
1226548032
1197091828
2131590832
2230920638
1887348950
1595744833
1183777375
1027057953
1524561756
1149916808
1253512588
1024903211
1858202736
1584242702
1407172987
1876214129
2418160613
1982547422
1369189767
1214722585
1013138226
1916282142
1791757054
1279391400
1544179214
1197905413
1819202314
1283906592
1213482876
1149226555
1952820949
1695024522
1205275299
1566416379
1178926819
1228842534
1185005284
1404381442
1282215463
1018860135
1008575318
1688186091
1757473595
2438953370
1789665214
1904202182
1548224084
1517402631
1158774888
1172638442
1351623784
2018222678
2388935092
2598703876
2189891264
1513321195
1753645007
1412142872
1637528163
1260871065
1077488041
974337544
1958510921
1652729119
1281076479
1235141872
1053700553
1455293482
1084177997
916132321
844082231
1669907982
1292077033
1911785539
1447325124
1785032524
1860135821
1394193264
1627965444
2050971406
1380334723
1120094706
1126409894
1755053485
2276580083
2667641891
2497771804
2373577027
2167440025
1515573370
1334984809
1148891221
1829935705
1604218265
2296907932
1739882814
1766671524
1425864098
1205678507
1759680802
1670036028
1426304662
1416425047
1923570309
1405948136
1100133588
1115436492
1070480496
1712923076
2457168463
1582973483
2487376532
2512638507
1994893389
1407846567
1669760641
1262762060
1886558569
1906062675
1724457122
1380856186
1319643053
1944012466
1918513737
1474620655
1176358736
1063596315
1355937509
2506383429
1629347331
1352475220
1486383104
1680606671
1491553102
1138647570
979959560
1836117940
2464374838
1637889786
1429791208
1264818974
1381531481
1143461923
966652663
967715095
1098452767
1999244500
1375704855
1115702085
1413849148
1431036791
1081659674
1130251035
1209134014
1109481606
1053953749
1233425396
981806375
1394622609
1093536461
1012820377
1472978285
1681197622
1322286710
1009821621
1439093334
1058501944
1254856749
1049490431
935001038
1308084295
1720158093
1373114522
1025685166
1773176968
1213020746
1232369581
2150064753
1379712460
1944920371
1959944542
1368307698
1126622380
1837821598
1399328401
1465937689
2477036701
1642364678
2480514737
1983421188
1429331686
2068929833
2424664260
1933884497
1997905345
1752399395
1585868212
2239593484
1780291089
2271626214
2351285347
2041853915
1589018685
1479475612
1299814998
1367304703
1172470714
1459343135
1857584775
1365325152
1215809205
1027846826
1190732399
1291176034
1375380351
1109062273
1002747925
1702403402
1242957526
1040891233
1105095423
1588638161
1929454051
1729988576
1275220422
1021471648
2019845841
1401392609
1273562516
2037995088
1881239484
2133725651
1763656255
1326543729
1329757202
1586926659
1197251709
2073427960
2488129681
1669995434
1288816233
1201928446
1889843563
1729133444
1386781351
1322468502
1411481953
2191429674
1466581193
1166727013
1052826227
1335788183
1309119393
1303248828
1885173227
1338425694
1867956345
1388392323
1071277365
923927657
883035891
997528503
1208725691
1561945475
1296977928
2048542468
2148584664
1383145138
1102147072
935734325
1124184601
1067483007
1763750840
1602824161
1339267629
1831576225
2366005086
1640761536
1223143686
1284025825
1404272578
1273603209
1285996737
1105898067
1687017754
1823853157
1328922407
1063322099
1109107200
1234234285
1141384712
1100482136
1236273182
1756013768
1833413866
1594200305
1213609860
1131084601
953867215
1682096165
1307532188
1116415298
1785921507
2006083064
2709877167
2269242631
1804642938
1338432912
1283021316
1612585044
1223981862
1269337223
1908689433
2536975387
2429940880
2312171456
1872430446
1413355255
1207732837
1031765265
1029794141
1289140019
1888666043
1558320651
1849903217
1867648513
1483183741
1105702707
944202178
997935771
1195956902
1923013399
1558987079
1516331372
1386622040
1450187754
1097382195
1022439221
1074573030
989769548
1331685908
2172021064
1572549106
1338466914
1587858222
1650575863
1601517726
1555179523
1152603620
1442000233
2289588017
2140966966
1540719971
1277087745
1588206565
1950728583
2091218664
1466277412
2061073688
1682764941
1407831117
1181690441
1145782370
1338327677
1822111964
1803637139
1346407127
1990079589
1451724718
1189561517
1027929952
992565165
1645211987
2194391048
1829970740
1655978462
2351674466
1603048749
1233123812
1117034542
971604597
1654545001
1561024506
1692011402
1919160135
2210382057
1625823192
1288738506
1342336953
1165259453
1353613006
1076264476
1126420170
1375806307
2067327690
1766791553
2343450206
1790994083
1376861849
1133765725
1011769090
917688168
1101615733
2164629715
1558538197
1342251554
2225344775
1627940042
1179921689
1760502687
1298729553
1220876065
1309510712
1349576227
1111282862
2078454312
1859140468
1351902985
1603602807
1676972796
1833375578
1366609658
2145051398
1570902249
2316653917
2088526169
1926270713
2273275851
1890947633
2289281097
1642147986
2648777277
1879876668
2036665785
1905237393
1703887081
1529290353
1734754233
2123195107
1608382422
1750300272
1534408274
1289423003
1301659924
1403831966
1334170686
1870030695
1449382297
1536791897
1255413873
1267535273
1187824080
1247093019
1116718658
1243333845
1549214939
1231018957
1512128684
1402915255
1129960506
1476780715
1240575429
993581884
1203049664
1014311257
1367088939
1591021438
2159466629
1502573838
1423325314
1241157460
1000591870
1061743429
965001947
860548613
833928321
854354512
1131089554
1636375855
1663522630
1115440644
1021047760
1042353289
864931901
795438034
767964059
1428753617
1464678211
1287307474
969914254
1715426078
1147087975
967399487
849464814
804293416
1182391131
1032854822
1034770165
948660420
1881849974
1230063975
1719599892
1186027893
1037699186
1374692222
1162658036
1178365414
945881721
1190538087
1864764256
2156824978
1371991990
1600505295
1155318424
1596844193
1341110663
1045512418
1297359363
2252121758
1814080476
1266922227
1453990208
1095375904
2207678970
1900643877
1668035123
2378265130
2214204225
1513727379
1211448139
1252892856
1050317214
1797995595
1471888303
1365739239
1083130053
1041686571
904893843
846801329
1461849869
1081111681
1823785606
1429489498
1959980851
1283168301
1193136868
1255095741
1117358131
1211582539
1140487704
2066305659
1882518301
2806894389
2775072211
2004930585
2146609510
2858638975
2014975810
2201778878
2269106962
2260638459
2178286392
1906115324
1721378814
1595697900
1677351215
1623745731
2249894768
1856498391
1763901232
1540411639
1361831667
1117143648
1063161210
1146231893
1103226525
1416499706
1385953249
1478785852
1630829625
1325135185
1011931967
871179440
1109641438
1233686918
1086363198
1163279854
1663740223
1880921211
1462919912
1062125988
891737499
1394766124
1383781888
1069986928
1254712276
1619498846
1901288164
2075871952
1343421407
1697055018
2338350087
1709108982
1352858661
1773050822
1289274029
2208623460
1802088020
1303146547
1603689783
1911406644
1448293416
2003872696
1730688130
1262291808
1180422950
1174993233
983596216
1029140318
1553948994
1139633735
2082116787
1390334828
1211968685
979889496
1705181586
1232749445
1058135203
1146383991
996852790
1926517187
1326319281
1478561092
1143870494
1378307339
1073287095
1466855085
1195249687
1719442114
2105756604
1899986748
1831117406
1452836718
1314428735
1161637714
2392922134
1843426599
2052955617
2152181362
2525336118
2144934615
1938683381
1704010885
1509926508
2232648829
1769502279
2090687750
1588406893
1975502942
1887057868
2548718287
2320073162
1868630247
1442313921
1560205264
2168260659
1548183033
1495840701
1804462337
2596895902
1905340117
1593970243
1215737294
1650777717
1601385372
1481158692
1237765478
2162700635
2314120805
1561632419
1380662505
1142349434
1444792363
1374044649
1732213344
1284970586
2004949267
2015446368
1511074517
2482833684
2791895814
2841880191
2164894199
2308863055
1937134407
1773896413
2231149241
1926680948
1888063970
2057888714
2160416587
2044102328
1614781804
2572770194
1787824365
1377614305
1293885265
1436374912
1381292845
1712260243
2004268886
1505511586
1847920603
1437329904
1107506666
1518540932
1659200192
1443026041
2029668636
2323950329
2369925120
1918250756
1795328186
1371909034
1182715478
1654900256
1306448672
1361758932
2446592910
2291215768
2134234982
1968298251
1396990597
1118308877
1147836788
1060580008
1290711908
2136913276
1632869853
1768524280
2027757922
1423849178
1302822698
1122255404
1268984044
1870528046
2061350919
1721877848
1570645745
1771710061
1918853432
2378489401
1820026381
1331736131
1666787303
1548802182
2359534031
1707193174
1998696344
1975839007
1842008714
1435082311
1180633276
1307825656
1108285465
1572241563
1185318999
1198907466
1141336652
1244695032
1067437800
1889214286
1297869118
1047139285
1130773203
970540185
1075078495
994614229
1305055690
1405129932
2044187695
1440337795
1178081818
974549042
1106689865
1786127004
1640532263
1614720695
1249970239
1572952553
1172292181
1225205588
1001334001
1113971928
1455224619
1123637433
1038026892
987696511
1431294266
1071421470
1483554211
1197641165
2029882768
2075710860
1339280371
1052364004
1697716875
2163219822
2026119903
1537650225
1404288629
1415078485
2284458492
1520948952
1229683109
1138497717
1545695946
1582122410
1355392341
1529225263
1142008970
1442266569
1410861539
1170099307
1022626170
919478638
1257517493
1516675710
1639043484
1148503452
992499077
1315330496
1199354957
1096749451
947451122
1536800303
1783704251
1433937105
1084778776
908315960
1438356547
1602182775
1482597475
1920046210
1384730425
2370292274
1623087559
1254150801
1054983743
948794300
1395545726
1302295945
2158663361
1437978452
1733420392
1316057069
1411387032
1410173830
1076757317
1885887171
1503595393
1817545511
1383219122
1644011356
1333325931
1522542624
1241610948
1319467866
1778747722
1989522795
1658200689
1206715781
1408563607
1090583523
949977917
1165275698
1077851023
1309982186
1897828615
1545160110
1112436997
1114506064
941235332
837451278
1564611798
1128800056
961736205
1907403341
1258110916
1135950018
1277189960
1203384298
1009821729
1186712793
1000407812
917860554
1630805635
1134681829
931220155
1403974947
1085113184
1103839464
1433377490
1180855275
1370968856
1790919296
1496493140
1108668445
1347265832
1361359470
1163345125
2136952422
2105384856
1925947121
1984812463
1854472759
1520539815
1752352749
2498318811
2355688439
1637860233
1548238814
2331813764
2306795154
2482657920
1833635970
1752617921
2571138203
2234818361
1601853998
1353025823
2432242324
1912654161
2551933539
2046202126
1585776058
2084072381
1666044510
1522445895
1489046146
2002204847
1665775590
2086308957
1628606113
1348266227
1459314555
1476259480
1877721166
1337920190
1997871298
2021093345
1517179872
1354644932
1284931614
1062182287
1641186551
2544630186
1629094205
1564908762
1704286842
1287635174
1863662020
1646239889
1265162435
1074858636
2040512890
1500648535
1205975199
1917861245
1361670988
1491204282
1401967242
2220390100
1449673018
1832131043
1338680817
1156500370
1585293432
1275820949
1101008497
1290858641
1907567390
1390037972
1255309748
1103413160
964135825
1388078476
1050670808
981232142
1741258640
1364970821
1370672500
1068286143
1400328345
1159018916
1305110029
1013830176
1171870481
1266630944
1021053216
1078158880
1039402728
2328707872
2438298401
1939030290
1532099894
1962029384
1363891248
1274930814
1086884364
1311058820
1582611083
1597737573
2250217169
1724550658
2067493370
1464891370
1509513603
1340162044
1388110336
1314791616
1349629733
1188619759
1136136417
1798880648
1428586855
1179557576
1765122035
1651043783
1534171943
1447880237
1151697674
981342431
1615772910
1306482860
1424676562
1182908697
1444543670
1934746447
1339873801
1496915298
1329653147
1291353716
1401333237
1193624730
1036544655
1139455326
2003641065
1323094525
1576081586
1898520654
1769101492
2069845851
1372878927
1380695590
1231997250
1599490598
1239948556
1220316200
1675419123
2581626772
2930086393
1806789916
1782725109
1601866061
1853158911
2148549265
1496922745
1231662750
1763356754
2556560057
1952537637
1505716784
1897689408
2423962705
1954028566
1418297290
1178204924
1777688866
1535349658
1498723478
1165228853
1996705158
2334072938
1932142020
1651749203
1419572108
1927668944
1602049993
1601528237
1272573929
1389665628
1375962825
2093597560
1686128742
1220317566
1482397288
1933268745
1493078321
2129383830
1597454865
1407579323
1569182896
1731731979
1251932754
1164147244
1663573920
1387147645
1724883590
1382657184
1814475189
1827543345
1955017477
1618358376
1405106118
2200245997
1736675905
1382856267
1406226680
2409771508
2680430574
1848254165
1358550333
1759027795
2556569291
2363531746
1847659785
2077343237
2836042883
2975882001
2058226712
1520427641
1333734135
2339238022
2093935510
2499440638
2029304711
2771296210
3093998517
2893505465
2097758193
1680136248
2137785765
2178329396
1984759255
1815347950
2046484912
2044055182
2947584872
2813567158
2316186368
1706614115
1585455172
1596099334
2276764526
1938093122
1794233457
2644278597
2649491425
2074514262
1513072191
1448401897
1628146184
2676851290
2013338196
1553271006
2433905806
2291566186
1856724272
1626803662
1886947442
1868027625
2432494552
1783113012
1375824744
2171530901
2066287190
1607705653
1720324717
1288169435
1425144310
2197760120
1640447796
1549934253
1242318546
1793042349
1583284405
1660590005
1214957957
1006259331
2117958244
1882248154
1326925162
1114556983
1624550756
1324380593
1885839980
1797956917
1272040718
1619054790
1847293614
1303382134
1663052866
2184043746
1596521464
1975726467
1544781769
2418362360
1804254205
1321576644
1550397683
1258862280
1728600696
2391002754
2816184546
1900836945
2544919626
1731497065
1310705056
1385986368
1206668454
1185630760
1295570638
2205965366
1900896755
2480752671
1644232890
1860737148
1562307788
1394213749
1098701966
1300312801
1992430352
2389896799
1672302828
1917577490
1494211905
1764101063
1569961471
1182445547
2011509435
1618199570
2044573904
1427622859
2334046879
1585463836
1787140349
2404852350
2533118529
1715129955
1457703213
1719299170
1437432160
1971111580
1431607883
1433007706
2097369673
2717690508
1768134899
2063545875
1897957571
1990425909
1815752695
1402923639
1421241273
1547992181
2760006119
2097601136
2703019293
2222834933
1725977614
1942753038
2234916967
1661686540
1835493979
1694316717
