-4047
31202
38920
-7493
36285
-3343
7694
11684
6791
6681
2209
1886
58743
-3598
-19216
-5103
-12659
-10868
65711
-10222
51876
-1438
9013
-7656
-2717
-2781
12015
-75269
-35321
22589
18111
19283
2198
-5782
-12665
87579
5240
3931
-7458
-2636
-7024
-1363
12785
50253
-11761
-7881
-10255
13753
12753
-13842
5034
-31325
-3003
159140
-14018
6273
-2178
14356
14036
1153
8312
-2739
-57611
298956
-5617
-81926
946
1318
-6236
-17380
45895
-158468
1391
-2224
-1876
-5348
4447
-21748
-13120
-1092
10495
8176
-22317
-2360
25939
12915
55824
-4696
297193
4952
6753
-44360
-8281
7987
-5805
-118011
27932
12957
-79034
278
