481754704.0
722924768.0
813937744.0
944725648.0
935494848.0
1367922656.0
1530525072.0
1489421696.0
1517962464.0
1576345456.0
1532101968.0
1655310288.0
1591640208.0
1487732800.0
1319260976.0
1412664912.0
1382976768.0
1324058080.0
1491526816.0
1715602496.0
1602820208.0
1649500304.0
1709028016.0
1659630816.0
1684766624.0
1593929184.0
1818655968.0
1612601648.0
1748559968.0
1726073856.0
1481804416.0
1733545408.0
1646931904.0
1612410800.0
1800399280.0
1873517184.0
1844260368.0
1617538288.0
1679589104.0
1723134800.0
1502267680.0
1355448544.0
1312421232.0
1159792480.0
1208064336.0
1173940688.0
1169178464.0
1285720688.0
1140608512.0
1549284720.0
1497211872.0
1454338992.0
1399321552.0
1281273728.0
1152536464.0
1276958336.0
1152720192.0
1404744880.0
1161889840.0
1601398128.0
1563175104.0
1482109744.0
1381856432.0
1276332432.0
1198099808.0
1287941312.0
1285358928.0
1278279680.0
1206359456.0
1157048304.0
1191002384.0
1175608912.0
1210240608.0
1183539488.0
1137770528.0
1222175632.0
1219934592.0
1229709552.0
1411580560.0
1579759760.0
1581567696.0
1591140720.0
1726101792.0
1604731552.0
1987076848.0
1822103376.0
1647913776.0
1680360736.0
1566456384.0
1576124480.0
1460558032.0
1672920176.0
1552062176.0
1421892592.0
1339756272.0
1280414592.0
1362773328.0
1247776256.0
1323650736.0
1242423776.0
1222397888.0
1358256432.0
1270228928.0
1264184128.0
1149391312.0
1011764112.0
983513488.0
1226228432.0
1356225696.0
1377176240.0
1418832800.0
1732028048.0
1791776192.0
1657992624.0
1992300400.0
1992831312.0
1786609664.0
1646836608.0
1793326160.0
1673083184.0
1568294320.0
1688983680.0
1704624560.0
1642624688.0
1466835904.0
1588609872.0
1723859504.0
1631992512.0
1716770880.0
1626732352.0
1446879456.0
1401160208.0
1407883600.0
1225407648.0
1336688000.0
1598792432.0
1524857504.0
1776806272.0
1624809248.0
1727812432.0
1683268096.0
1840210960.0
1838648992.0
1729307856.0
1585060416.0
1672186064.0
1554819072.0
1478078432.0
1458281584.0
1325440784.0
1555901424.0
1527178400.0
1416794400.0
1638837408.0
1579600752.0
1753951728.0
1545331040.0
1500612448.0
1525152000.0
1691274928.0
1559957200.0
1430337968.0
1277548096.0
1192342736.0
1402894192.0
1656892720.0
1602078752.0
1690889600.0
1644955984.0
1383899984.0
1625657152.0
1478838400.0
1609784496.0
1390603568.0
1506281744.0
1690262432.0
1797450016.0
1694918576.0
1530630944.0
1474828240.0
1352462320.0
1297401184.0
1130651664.0
1168543040.0
1323537312.0
1527551408.0
1566062096.0
1625515712.0
1451869696.0
1429792144.0
1754084352.0
1621605872.0
1752011904.0
1651737520.0
1555600944.0
1641748160.0
1965304352.0
1845226768.0
1806704608.0
1782736288.0
1780763968.0
1856424880.0
1740942896.0
1674242192.0
1778030512.0
1755884400.0
1694682400.0
1508993056.0
1557122960.0
1417785696.0
1303672624.0
1252814784.0
1185726256.0
1437575328.0
1450857360.0
1481147696.0
1303645872.0
1248317312.0
1361958384.0
1267485712.0
1166830960.0
1042307168.0
1262104816.0
1503239808.0
1513776992.0
1540215424.0
1712156000.0
1684146944.0
1767686656.0
1620596176.0
1540563120.0
1363689168.0
1123925120.0
1426989216.0
1159271216.0
1732844144.0
1786392016.0
1589949008.0
1567257472.0
1508438016.0
1549968928.0
1652447232.0
1630530672.0
1679395216.0
1725322800.0
1939281072.0
1769520880.0
1703406992.0
1596230784.0
1474604416.0
1522018272.0
1468065120.0
1466733392.0
1295395264.0
1310458944.0
1244532016.0
1132547168.0
1092325792.0
1138467312.0
1066380928.0
1020185936.0
1113528304.0
1090834544.0
1098975056.0
1212607296.0
1160735888.0
1237242832.0
1554941920.0
1396903456.0
1292511408.0
1509644480.0
1441667056.0
1614185424.0
1614505856.0
1577072528.0
1524714112.0
1487293376.0
1277008016.0
1412001344.0
1464963904.0
1754832912.0
1790446400.0
1672182032.0
1626695104.0
1548319632.0
1597845312.0
1575744144.0
1497300672.0
1486971776.0
1371562224.0
1456354096.0
1733283584.0
1598742816.0
1799769056.0
1767315744.0
1745856400.0
1679079408.0
1788103200.0
1638229920.0
1782920752.0
1603306208.0
1690858992.0
1540178240.0
1445048368.0
1500200064.0
1427090992.0
1564858016.0
1508718752.0
1312697968.0
1253263520.0
1284942720.0
1249128176.0
1375933760.0
1273210352.0
1164681056.0
1229003344.0
1250683760.0
1560299264.0
1461211808.0
1378596432.0
1400300304.0
1337446096.0
1203481056.0
1516936736.0
1360277968.0
1323913136.0
1340372256.0
1288436704.0
1447230080.0
1424587744.0
1353306448.0
1271884496.0
1477548784.0
1694310528.0
1466802992.0
1672492416.0
1707438704.0
1550134816.0
1774432400.0
1694585152.0
1716483328.0
1685643792.0
1804381280.0
1885462896.0
1788293664.0
1692375856.0
1877081216.0
1808432256.0
1783692960.0
1889483984.0
1771958656.0
1619444224.0
1784552976.0
1684118928.0
1515529104.0
1519939776.0
1720428784.0
1518181392.0
1700176864.0
1682151440.0
1687595456.0
1537191216.0
1583644400.0
1532424096.0
1470018592.0
1299392016.0
1480379536.0
1579486608.0
1798909424.0
1682555904.0
1591630240.0
1772855760.0
1841738736.0
1789122912.0
1693623472.0
1823865360.0
1945062656.0
2078107136.0
1859896944.0
2018361584.0
1785016288.0
2058920528.0
2046396704.0
2051623840.0
1928084592.0
1874106656.0
1722867168.0
1546163952.0
1433257472.0
1391723648.0
1355827632.0
1216090720.0
1167528320.0
1186012368.0
1216602688.0
1151162832.0
1156541312.0
1307662624.0
1573837376.0
1680120832.0
1487780688.0
1628635472.0
1672614848.0
1731964112.0
1770575008.0
1956728720.0
1918320224.0
2141948384.0
2061243856.0
1959516928.0
1742439248.0
1835720656.0
1679603168.0
1606870416.0
1544362208.0
1452833632.0
1346267152.0
1219197984.0
1394588000.0
1373422272.0
1336621936.0
1389487504.0
1588879264.0
1495601120.0
1493422160.0
1615695568.0
1487615872.0
1485184816.0
1327921504.0
1460843024.0
1465520496.0
1679112848.0
1628756688.0
1586075568.0
1666151648.0
1698161168.0
1709684992.0
1695391936.0
1697539552.0
1559411184.0
1314745760.0
1309090832.0
1257659456.0
1232007344.0
1342001264.0
1301105216.0
1392447136.0
1362915168.0
1461059392.0
1371440816.0
1549355488.0
1600452528.0
1657396400.0
1666483376.0
1534694880.0
1465817856.0
1282033088.0
1318778112.0
1377413712.0
1518474336.0
1773261408.0
1749897808.0
1628579072.0
1609447888.0
1690172224.0
1579748464.0
1485724272.0
1547594688.0
1515115040.0
1538097088.0
1540183808.0
1351707536.0
1386976112.0
1333676736.0
1402054528.0
1366049952.0
1340869536.0
1288064864.0
1260527232.0
1116481824.0
1357782192.0
1452398880.0
1605828704.0
1522106688.0
1667184832.0
1631718480.0
1711264688.0
1814647216.0
1665094736.0
1822609712.0
1768246528.0
1640480480.0
1682908256.0
1759163520.0
1618869664.0
1761631472.0
1644954944.0
1506602224.0
1428212288.0
1211972816.0
1382163744.0
1263806304.0
1179827472.0
1261482288.0
1104442144.0
1147137504.0
1261377296.0
1286058464.0
1313876512.0
1055340000.0
1407799616.0
1197726800.0
1168519632.0
1251607968.0
1138214128.0
1129589568.0
1335822208.0
1510521216.0
1390483824.0
1656394944.0
1488056112.0
2048540176.0
1898402224.0
1916942112.0
1876662448.0
1828192768.0
1923359888.0
1890353728.0
1924487808.0
1727584352.0
1740898960.0
1723181680.0
1850112928.0
1821145408.0
1890654768.0
1735759744.0
1755977344.0
1711583264.0
1665494096.0
1556481840.0
1645465744.0
1504879568.0
1235468672.0
1372021680.0
1250967360.0
1557462592.0
1622126448.0
1484846544.0
1415563664.0
1291607168.0
1303825824.0
1473120384.0
1746119040.0
1789869056.0
1568136480.0
1519398064.0
1441151136.0
1616210848.0
1610921824.0
1808017984.0
1713152944.0
1798681280.0
1815344992.0
1861105152.0
1663420976.0
1554121200.0
1686740160.0
1731417872.0
1718624128.0
1614838576.0
1714333344.0
1868813632.0
1930744976.0
1939815376.0
1804848928.0
1884318048.0
1923149872.0
2112875264.0
2074699888.0
1958198448.0
1742309872.0
1708614976.0
1718557920.0
1585333440.0
1607189344.0
1481531344.0
1374625168.0
1364996832.0
1354003760.0
1300352528.0
1356728896.0
1139605216.0
990629008.0
1106143824.0
1304476352.0
1210110896.0
1270686080.0
1505475328.0
1394902704.0
1345949504.0
1283660032.0
1396075824.0
1378417952.0
1267590112.0
1340404720.0
1486520080.0
1461129200.0
1487929088.0
1409510960.0
1322646224.0
1326326432.0
1210936944.0
1357085328.0
1250493008.0
1280124720.0
1313328976.0
1233157792.0
1087342752.0
1098060064.0
950801984.0
1150794432.0
1213682320.0
1301194400.0
1390856768.0
1440489056.0
1578409120.0
1509210064.0
1502656800.0
1343189200.0
1560217184.0
1671393216.0
1662303248.0
1746865376.0
1764942352.0
1583702720.0
1694352256.0
1744161552.0
1674020048.0
1625742512.0
1498631632.0
1421588416.0
1382384128.0
1393261760.0
1564143760.0
1680221984.0
1488449152.0
1495979392.0
1434036544.0
1453501760.0
1342551568.0
1440687088.0
1501582432.0
1454076656.0
1392570896.0
1463031744.0
1358540512.0
1412721552.0
1265450352.0
1504747616.0
1621989040.0
1559482752.0
1478891600.0
1407225504.0
1532200160.0
1646617280.0
1625917616.0
1576282288.0
1427229264.0
1780465872.0
1859871456.0
1578859040.0
1598948976.0
1650694160.0
1568291520.0
1425737728.0
1390770464.0
1311147424.0
1444129440.0
1288624832.0
1236221920.0
1340887088.0
1431300320.0
1381318816.0
1195402592.0
1460276464.0
1641454336.0
1673665760.0
1492662368.0
1484965888.0
1355305424.0
1427515536.0
1297013472.0
1362504592.0
1408810016.0
1347197344.0
1735700016.0
1576164128.0
1503105232.0
1376743952.0
1511273216.0
1418269280.0
1399862224.0
1297080256.0
1532933840.0
1484244096.0
1408875120.0
1387479904.0
1236173328.0
1344489952.0
1367946928.0
1296824176.0
1160367008.0
1122190512.0
1012150992.0
963711744.0
899942192.0
827282480.0
860132192.0
895078144.0
847954480.0
972752608.0
1009469440.0
1075666656.0
1052980352.0
1220046400.0
1387833376.0
1259383744.0
1355631232.0
1215358960.0
1334370752.0
1367468832.0
1365473120.0
1237163584.0
1402662272.0
1295339056.0
1346372656.0
1432588512.0
1329808464.0
1170651904.0
1115075760.0
1217788768.0
1213519408.0
1192829728.0
1299333744.0
1283955328.0
1184541056.0
1085494048.0
1292985696.0
1217609968.0
1225677184.0
1210789664.0
1137081200.0
1072583744.0
1285652352.0
1266349920.0
1227141632.0
1164395104.0
1275180784.0
1453431728.0
1320292368.0
1039114032.0
1536592624.0
1241066768.0
1252135184.0
1189473584.0
1517781824.0
1664200000.0
1439831696.0
1348944480.0
1558895680.0
1393478784.0
1365666752.0
1392320416.0
1324567888.0
1632587984.0
1544918208.0
1742743312.0
1780406400.0
1630992160.0
1557517056.0
1691479536.0
1618981632.0
1761695840.0
1640371760.0
1398960976.0
1578831584.0
1694784896.0
1706968912.0
1728470672.0
1795579888.0
1688723936.0
1688421984.0
1855371408.0
1733469776.0
1675936400.0
1808257104.0
1768019600.0
1620242032.0
1713918352.0
1692198400.0
1650892912.0
1553847104.0
1423939152.0
1439563824.0
1447320528.0
1483108144.0
1410114448.0
1386516384.0
1273534448.0
1307620208.0
1322427088.0
1318321264.0
1587801792.0
1604220192.0
1663521456.0
1667823728.0
1535132816.0
1433213776.0
1504313776.0
1396948592.0
1335299904.0
1330823840.0
1234283984.0
1148738016.0
1303134992.0
1253638800.0
1130010976.0
1193892784.0
1243687248.0
1324884960.0
1265703920.0
1723773424.0
1700077536.0
1624853712.0
1572757904.0
1557278592.0
1439425424.0
1398882560.0
1353878288.0
1248112672.0
1108831312.0
975732528.0
990535600.0
1164725744.0
1120194656.0
964975216.0
1068686016.0
1135692160.0
1354488448.0
1471804880.0
1612615472.0
1539777344.0
1365934272.0
1374154464.0
1492953984.0
1595453504.0
1718490160.0
1679643168.0
1760209952.0
1731136736.0
1779780208.0
1573318240.0
1752260784.0
1699257312.0
1736385696.0
1851690544.0
1579323120.0
1908903792.0
1676502608.0
1839834976.0
1921425504.0
2228067296.0
2058339936.0
2075376272.0
1951813888.0
1796541184.0
1707882160.0
1771693152.0
2005571360.0
1801010144.0
2011924288.0
1715985856.0
1939927792.0
1791867296.0
1959229184.0
1798164896.0
1746087520.0
1706118656.0
1732809280.0
1535007664.0
1463496416.0
1346296816.0
1387116816.0
1425424432.0
1647452320.0
1498943264.0
1532810096.0
1665871680.0
1595454000.0
1587620816.0
1481456000.0
1445653440.0
1450468512.0
1380389648.0
1341172448.0
1474807808.0
1619069776.0
1530261104.0
1600038560.0
1532481216.0
1336794800.0
1375286416.0
1500824704.0
1634830912.0
1404148784.0
1542694304.0
1604122096.0
1737592144.0
1690900304.0
1683598144.0
1652008048.0
1511462096.0
1808348432.0
1707862704.0
1615966368.0
1580206384.0
1451741664.0
1325254848.0
1400829696.0
1375759856.0
1284792464.0
1173367408.0
1272925792.0
1436434880.0
1436958176.0
1451267072.0
1524786016.0
1706530960.0
1682068016.0
1721265392.0
1598613328.0
1538746656.0
1379472272.0
1503371952.0
1430300368.0
1519880160.0
1421897728.0
1351522000.0
1303809440.0
1561868208.0
1477614800.0
1319805040.0
1421219152.0
1311570800.0
1483397584.0
1341876432.0
1382920880.0
1274212000.0
1444668288.0
1351702000.0
1308829696.0
1126228240.0
1273044960.0
1244538080.0
1415580960.0
1687323696.0
1591856864.0
1399026912.0
1361777808.0
1384887568.0
1325948896.0
1244752736.0
1081174608.0
1148315840.0
1444367312.0
1554996928.0
1584015136.0
1619601696.0
1703137728.0
1580069280.0
1509786928.0
1644789840.0
1721528560.0
1887089536.0
2206253248.0
2037775616.0
2024111856.0
2123056192.0
2068702592.0
2213787120.0
2310418976.0
2269129360.0
2274456928.0
2294436304.0
2334548160.0
2458576944.0
2412002160.0
2078976176.0
1885261376.0
1959399456.0
1857745136.0
1918747632.0
1842142464.0
1901151520.0
1779114256.0
1654136000.0
1784863472.0
1852843072.0
1839903648.0
1913272800.0
1713026528.0
2053810288.0
1851982544.0
1740860832.0
1669000288.0
1793452832.0
1673140352.0
1562951792.0
1597555872.0
1650596224.0
1515111968.0
1634289984.0
1665063664.0
1684944592.0
1536757840.0
1655808944.0
1689190144.0
1643057616.0
1583694768.0
1447628000.0
1302874480.0
1338750080.0
1294227984.0
1137577520.0
1057830192.0
1094438912.0
1201090368.0
1126491200.0
1078870896.0
1049294496.0
1237967872.0
1464332560.0
1428133216.0
1429231056.0
1397443840.0
1345665872.0
1308806224.0
1272630864.0
1215299536.0
1218241008.0
1295090384.0
1181805456.0
1115620320.0
984041424.0
945462720.0
1106228480.0
995808384.0
1068171936.0
1091067584.0
1077452352.0
1066969056.0
1121037120.0
1145701968.0
1058528480.0
1068792608.0
1156483680.0
1094358432.0
1230768368.0
1172990672.0
1204956432.0
1301786544.0
1260994624.0
1222102464.0
1292409088.0
1455697632.0
1356819616.0
1445957664.0
1599444768.0
1574923648.0
1575028176.0
1492221664.0
1512490368.0
1534524496.0
1426284512.0
1545568848.0
1495145872.0
1682320976.0
1614412400.0
2126721472.0
2239194592.0
2007862544.0
1850872368.0
1973503344.0
2002400064.0
1787563840.0
1744188144.0
1934427312.0
1833819744.0
2000398464.0
1730284192.0
1815428544.0
1934894688.0
1789261344.0
1810087952.0
1871284448.0
1883412816.0
1868036800.0
1732946096.0
1957353648.0
1869057008.0
1713130752.0
1477597472.0
1421172288.0
1395369440.0
1271861072.0
1284242128.0
1327780512.0
1282254480.0
1239103600.0
1232647456.0
1598010368.0
1503965408.0
1520094144.0
1696148880.0
1572546720.0
1459911360.0
1577585072.0
1658166176.0
1684909856.0
1634398880.0
1541465456.0
1623810224.0
1498312624.0
1418518896.0
1405328000.0
1361161712.0
1229602992.0
1540003376.0
1481938624.0
1546543872.0
1462154880.0
1348649056.0
1206972016.0
1133760784.0
1128233616.0
1079451808.0
1211559792.0
1246536432.0
1162546304.0
1059257040.0
1080227376.0
1172603568.0
1032800032.0
977596896.0
852306144.0
882763232.0
1075967808.0
1127979008.0
1543249552.0
1462902160.0
1405197008.0
1452070784.0
1584934544.0
1663068464.0
1768465504.0
1662597152.0
1815521872.0
1884194032.0
1715341088.0
1845656800.0
1729950848.0
1889734784.0
1674759968.0
1803331744.0
1683600352.0
1943352272.0
1932058464.0
1788719904.0
2149405584.0
1975904368.0
1917805456.0
1856582448.0
1728024256.0
1750874384.0
1707807328.0
1584461440.0
1514752496.0
1447386128.0
1336220048.0
1291655616.0
1400556000.0
1392934656.0
1259652992.0
1384301440.0
1432555600.0
1357618016.0
1261945536.0
1122756816.0
1259808800.0
1182965552.0
1103857344.0
929719536.0
911555936.0
929118656.0
846153776.0
806303408.0
982371408.0
1222860576.0
1135190320.0
1105249024.0
1313389504.0
1229566688.0
1194439408.0
1274979248.0
1103936192.0
1140144176.0
1239842976.0
1239903840.0
1102664352.0
1067220736.0
1200690672.0
1084259792.0
1035644864.0
1140166544.0
1225423872.0
1500767776.0
1385148800.0
1364005216.0
1239008192.0
1544557904.0
1604847696.0
1608963504.0
1716076880.0
2003267888.0
2026223568.0
1874070784.0
2051558672.0
1882467488.0
1666198176.0
1486759824.0
1409487312.0
1578989280.0
1446849104.0
1485250944.0
1871311568.0
1715872848.0
1676225280.0
1855845888.0
1838313920.0
1780219440.0
1797880320.0
1625779776.0
1581502736.0
1545147744.0
1621785072.0
1748843440.0
1582843712.0
1418081280.0
1392233632.0
1501934464.0
1637683728.0
1567731184.0
1451997568.0
1386641152.0
1388617216.0
1349697584.0
1307182448.0
1256833616.0
1424473136.0
1394040592.0
1650258048.0
1516066016.0
1840435184.0
1885809968.0
1864275008.0
1688952096.0
1839245728.0
1800246208.0
1709794064.0
1701912192.0
1687970032.0
1730840368.0
1850754640.0
1717010256.0
1649311504.0
1578023200.0
1424034368.0
1358087920.0
1247347280.0
1284778000.0
1233467248.0
1483006816.0
1558626272.0
1772296192.0
1610673024.0
1689615216.0
1828675280.0
2030904928.0
1844188064.0
1962843824.0
1917041584.0
1784348640.0
1920027168.0
1967266880.0
2009470336.0
2063504368.0
1894060112.0
1772980000.0
1951241024.0
1849738160.0
1855360880.0
1884688288.0
1714494912.0
1494690912.0
1369546896.0
1501522240.0
1626316768.0
1617459472.0
1596685488.0
1726093312.0
1701462176.0
1805083600.0
1618380096.0
1496769536.0
1775336752.0
1676890704.0
1565108240.0
1357187168.0
1533383232.0
1347242928.0
1404515600.0
1557882192.0
1752042000.0
1586478576.0
1620052912.0
1778295488.0
1662152496.0
1800580112.0
1710146704.0
1556756640.0
1677041728.0
1608649568.0
1537708880.0
1554709456.0
1752712704.0
1695180928.0
1708647536.0
1734895552.0
1901031248.0
1759221152.0
1599170992.0
1657032512.0
1867664592.0
1720541888.0
1666731920.0
1706219376.0
1643541840.0
1611970112.0
1694250432.0
1766094528.0
1654304960.0
1606987376.0
1697326992.0
1598814080.0
1572711824.0
1494485968.0
1408251968.0
1301873488.0
1651387552.0
1750576368.0
1561092416.0
1424631680.0
1523132640.0
1712858704.0
1813180208.0
1629183872.0
1787180528.0
1786523360.0
1729733584.0
1584105120.0
1368814192.0
1713769200.0
1828517536.0
1644062160.0
1588744016.0
1668413520.0
1510495296.0
1361315712.0
1236933712.0
1149960496.0
1294730352.0
1279472592.0
1580667328.0
1591713648.0
1528314368.0
1593817920.0
1444038432.0
1486919824.0
1628084832.0
1665479296.0
1625531936.0
1841138240.0
1702869312.0
1752238448.0
1883425312.0
1919285328.0
1746742272.0
1929056704.0
1817862448.0
1810664304.0
1839784096.0
1986017776.0
1741107104.0
1729578192.0
1595701648.0
1384646352.0
1612793664.0
1688956928.0
1699913344.0
1656767968.0
1765376208.0
1659435968.0
1865649712.0
1834406192.0
1895243296.0
1899896944.0
2098432960.0
2008780752.0
2009181984.0
1794103680.0
1953781696.0
1785664480.0
1993084320.0
1876594352.0
1888047184.0
2119572016.0
2355565296.0
2591721696.0
2408626144.0
2192972448.0
2003685232.0
2059438128.0
2130175632.0
1975614208.0
2042303712.0
1823977760.0
1700339376.0
1620991968.0
1571639376.0
1573814352.0
1467697520.0
1567329728.0
1696522976.0
1608394512.0
1789884192.0
1753501232.0
1674188960.0
1634093664.0
1812610128.0
1714636240.0
1564034224.0
1427211216.0
1612983696.0
1710095920.0
1657501856.0
1606933616.0
1737533984.0
1591391312.0
1441367808.0
1570782960.0
1745150784.0
1830024336.0
1730624128.0
1818754352.0
1691074080.0
1746324784.0
1771494992.0
1704325456.0
1701002768.0
1634845280.0
1522455456.0
1816856720.0
1792264256.0
1776614800.0
1704482656.0
1765808432.0
1830578704.0
1778281328.0
1516742352.0
1619391472.0
1514851744.0
1769747376.0
1720258880.0
1689372016.0
2037290816.0
1913203392.0
1847140544.0
1893889776.0
1872519776.0
1867293952.0
1728874464.0
1554809424.0
1383647248.0
1284390400.0
1381783200.0
1484551280.0
1724636400.0
1676522064.0
1557433584.0
1811829552.0
1680946816.0
1501075248.0
1747110672.0
1765932512.0
1801514576.0
1792832288.0
1641721232.0
1519374960.0
1742551984.0
1610646928.0
1733772160.0
1564987968.0
1345978800.0
1524236064.0
1333041232.0
1236886544.0
1399674752.0
1583328944.0
1667413440.0
1709870880.0
1494748464.0
1808995648.0
1741713056.0
1620436384.0
1533714416.0
1647935760.0
1781341456.0
1765656096.0
1668339984.0
1753989040.0
1630627568.0
1636272208.0
1750141328.0
1827108560.0
1852472432.0
1836817888.0
1726510016.0
1880404592.0
1787772544.0
1658397728.0
1794320368.0
1560570176.0
1554718992.0
1710244752.0
1567179840.0
1454657840.0
1384097952.0
1273935536.0
1450233376.0
1392951376.0
1381409872.0
1382598640.0
1256681136.0
1191831312.0
1330412192.0
1303090704.0
1308161616.0
1485504928.0
1516707440.0
1517404032.0
1480181248.0
1559207968.0
1500269744.0
1669366896.0
1531677632.0
1545632048.0
1472444096.0
1457846912.0
1474069968.0
1461348576.0
1463840224.0
1413449968.0
1363656624.0
1393349840.0
1514871472.0
1341711280.0
1339988912.0
1213294864.0
1209710144.0
1264121440.0
1280707504.0
1245670544.0
1164415136.0
1308716016.0
1207640192.0
1227634416.0
1134888976.0
1192862736.0
1347562784.0
1278281152.0
1215692704.0
1095891712.0
1305062848.0
1192997088.0
1339668768.0
1461208064.0
1501228768.0
1793893312.0
2078236144.0
2139009440.0
1932354784.0
1930980496.0
2008304896.0
1845946624.0
1795287376.0
1986939376.0
1743751952.0
1560055152.0
1631444688.0
1532097152.0
1346488496.0
1234866416.0
1402432864.0
1275593424.0
1127561488.0
1475794032.0
1334662624.0
1283995712.0
1329868432.0
1399970688.0
1464433152.0
1446643328.0
1563475696.0
1683246624.0
1593644944.0
1686229136.0
1838221136.0
1841946448.0
1852632736.0
1741891328.0
1701271664.0
1651742432.0
1635375360.0
1717488032.0
1741356624.0
1581964816.0
1452204656.0
1426982928.0
1583458240.0
1485902816.0
1434752960.0
1429189984.0
1750945232.0
1624702320.0
1437725792.0
1392867760.0
1477614880.0
1662973104.0
1504207296.0
1447742944.0
1379479168.0
1291205136.0
1250696560.0
1216599792.0
1204881024.0
1250482304.0
1152233104.0
1290686064.0
1601799216.0
1535892144.0
1502733408.0
1675043824.0
1498397040.0
1721484320.0
1844854816.0
1740424016.0
1634084000.0
1551267312.0
1396352016.0
1356696832.0
1319745072.0
1324217568.0
1321301760.0
1466948528.0
1321942640.0
1265950032.0
1152088144.0
1119324864.0
1073682288.0
1211717680.0
1249979536.0
1204278256.0
1353780832.0
1316183536.0
1436248848.0
1379276112.0
1249260336.0
1171242752.0
1051772976.0
1127664416.0
1144304608.0
1103796400.0
1273686816.0
1126582576.0
1332924320.0
1320439408.0
1215066992.0
1330175360.0
1243582832.0
1108360096.0
1043755136.0
1164006048.0
1056290448.0
1037304576.0
1098156400.0
1060015728.0
999604848.0
1075913008.0
1282193392.0
1542070576.0
1451248832.0
1628033904.0
1653318720.0
1980498448.0
2020234016.0
2206287776.0
2166279440.0
1849578880.0
2183458528.0
1925116176.0
1865746656.0
1992934864.0
1883880416.0
1928757104.0
1763444128.0
1598337952.0
1794751584.0
1924278656.0
1948519792.0
1867765616.0
1780407200.0
1702164960.0
1587814368.0
1711188224.0
1812678736.0
1681479936.0
1512153968.0
1443716272.0
1505956000.0
1319114080.0
1392254032.0
1534248528.0
1683666480.0
1728827712.0
1547692960.0
1419252992.0
1422799696.0
1378285504.0
1282910736.0
1211474816.0
1512083072.0
1411152368.0
1138268048.0
1365113440.0
1284767024.0
1306748832.0
1308899264.0
1197463184.0
1212569424.0
1140204032.0
957733488.0
1170387328.0
1170325072.0
1386770208.0
1570621600.0
1467262944.0
1378772032.0
1538835520.0
1495851632.0
1728749488.0
1624121216.0
1471369600.0
1433715232.0
1580190272.0
1495233984.0
1566976560.0
1432116544.0
1484658032.0
1443792064.0
1398317440.0
1367263504.0
1510333792.0
1518490992.0
1414103152.0
1422255568.0
1731303808.0
1757395616.0
1696861024.0
1960602800.0
1956496256.0
1998472656.0
1886407504.0
1648549712.0
1519300096.0
1514349376.0
1420063792.0
1265626848.0
1235288512.0
1163114192.0
1015706928.0
917825216.0
889362288.0
893618656.0
843118016.0
848222336.0
1088274448.0
1081648480.0
1183592512.0
1180577392.0
1241072096.0
1241913200.0
1365659616.0
1321122512.0
1278512880.0
1508525440.0
1546145280.0
1545183904.0
1573468432.0
1678225440.0
1678405760.0
1817702624.0
1742911616.0
1569432288.0
1471787360.0
1329920224.0
1209373312.0
1376698464.0
1263112768.0
1278411408.0
1422469856.0
1316335840.0
1312501664.0
1181937568.0
1150326512.0
1330626736.0
1215787504.0
1093873792.0
1076134368.0
1047776224.0
1199225200.0
1161019152.0
1349837552.0
1491799648.0
1555709024.0
1639787520.0
1631047296.0
1567416144.0
1494637440.0
1698055168.0
1575227392.0
1817733280.0
1693979664.0
1697378160.0
1559218912.0
1671283104.0
1746165776.0
1835681680.0
1716199664.0
1646613600.0
1478462112.0
1546939120.0
1378686768.0
1471037584.0
1402813184.0
1406462608.0
1464976544.0
1320221792.0
1290988672.0
1336068944.0
1328365712.0
1446158288.0
1330637280.0
1316861744.0
1280200768.0
1449143376.0
1375602848.0
1343509248.0
1528298256.0
1311832528.0
1440213920.0
1294038208.0
1434872960.0
1458752032.0
1598923648.0
1672535008.0
1517924608.0
1611027408.0
1642081648.0
1564045072.0
1818303984.0
1722513616.0
1476082432.0
1521060960.0
1538263456.0
1684368928.0
1755057184.0
1562160320.0
1460894336.0
1350561408.0
1452271200.0
1451931904.0
1501451600.0
1623506400.0
1617206896.0
1651737280.0
1648317776.0
1562269696.0
1369443888.0
1427778112.0
1551078608.0
1410891568.0
1471423840.0
1581524720.0
1487426720.0
1744844992.0
1425770384.0
2012696080.0
1632943104.0
1830226352.0
1968220096.0
1887071344.0
2057822496.0
2123719632.0
2469649200.0
2246128304.0
2214923808.0
1887931376.0
1821946416.0
1901098064.0
1679235632.0
1615632848.0
1371294832.0
1420056720.0
1357007552.0
1392630256.0
1331621328.0
1322112400.0
1246824128.0
1242433296.0
1333733216.0
1390460896.0
1257682672.0
1142898816.0
1292906560.0
1157028800.0
1536925264.0
1441653408.0
1606694096.0
1571258736.0
1391589200.0
1382849072.0
1351794288.0
1546052368.0
1645005504.0
1743438480.0
1730262144.0
1637657712.0
1547940496.0
1634609312.0
1619606368.0
1663578416.0
1525517952.0
1605745840.0
1611461776.0
1487143600.0
1284795024.0
1202053136.0
1094011936.0
1098943984.0
1021248368.0
915936480.0
1035292224.0
1017211888.0
850922624.0
952088096.0
912016144.0
797302848.0
1071445488.0
1007701744.0
1502466416.0
1346270960.0
1236428016.0
1366548864.0
1160139744.0
1382133744.0
1465774128.0
1527559824.0
1497643648.0
1736318336.0
1584492128.0
1437671008.0
1278805280.0
1395934864.0
1294187744.0
1502421808.0
1325109456.0
1180522016.0
1117715520.0
1125974656.0
1275082208.0
1390893184.0
1590578112.0
1610986864.0
1809480048.0
2180488864.0
1962067232.0
1868817152.0
1896402960.0
1715372800.0
1615701472.0
1457258896.0
1332958912.0
1345739264.0
1287299664.0
1333426992.0
1342794688.0
1346809728.0
1250310608.0
1451939584.0
1367306736.0
1399059440.0
1239238320.0
1208426080.0
1152521424.0
1288365744.0
1242444048.0
1335109392.0
1184496720.0
1184635632.0
1077941968.0
1217435232.0
1345673696.0
1430171552.0
1551437056.0
1465917920.0
1501827792.0
1702040112.0
1713319648.0
1534907232.0
1733554784.0
1762523264.0
1778149424.0
1635559712.0
1503402128.0
1799223184.0
1586093792.0
1539901616.0
1633009040.0
1767479696.0
1860118160.0
1701284576.0
1520190368.0
1290714960.0
1500871696.0
1645016160.0
1795687040.0
1670582816.0
1565649232.0
1451916304.0
1500436864.0
1527795312.0
1583221280.0
1472238304.0
1404458432.0
1254391824.0
1487325600.0
1434753168.0
1271444112.0
1289657840.0
1330786880.0
1345631872.0
1288299760.0
1362100880.0
1401793760.0
1549754112.0
1441124272.0
1591629712.0
1710932064.0
1507227840.0
1534266096.0
1651383952.0
1607576784.0
1547452560.0
1797660448.0
1728851008.0
1957086048.0
2004566848.0
1902945552.0
1970581504.0
1843694208.0
1717453648.0
1717512128.0
1528598000.0
1529708576.0
1351616592.0
1285842208.0
1301270400.0
1478016640.0
1332697184.0
1227486992.0
1258386032.0
1319579344.0
1269426560.0
1399053504.0
1307171040.0
1499584000.0
1403068256.0
1606143504.0
1552038448.0
1416433776.0
1415827088.0
1586518960.0
1713451360.0
1642922816.0
1652465952.0
1599554800.0
1741108976.0
1625851456.0
1880279168.0
1783114192.0
1643239856.0
1506148048.0
1584294608.0
1378945632.0
1376629168.0
1327681520.0
1664794144.0
1450763920.0
1400581488.0
1465514864.0
1501601712.0
1361986672.0
1352974976.0
1318254352.0
1394655840.0
1409879824.0
1411332496.0
1339163344.0
1205097664.0
1323714896.0
1383673504.0
1580820368.0
1629798048.0
1694617552.0
1765796112.0
1622848112.0
1573786960.0
1443686528.0
1306436032.0
1274212096.0
1051629120.0
1157792016.0
1129186688.0
1192340512.0
1208295792.0
1199248576.0
1118476848.0
1096828784.0
1121577344.0
1151504752.0
1277421312.0
1146866192.0
1329121584.0
1517948144.0
1641881248.0
1444718624.0
1385018240.0
1280021296.0
1259514000.0
1338645504.0
1248608368.0
1270802192.0
1274283824.0
1387286032.0
1332361776.0
1563095408.0
1587606000.0
1591817472.0
1389470496.0
1468845088.0
1401583216.0
1202946960.0
1300728768.0
1220232688.0
1234236576.0
1374388944.0
1266219072.0
1660760080.0
1770715712.0
1610173888.0
1504430176.0
1640339456.0
1761704304.0
1559287648.0
1877041120.0
1676773936.0
1563642944.0
1714572256.0
1744732256.0
1841849744.0
1698288032.0
1776604544.0
1650275408.0
1601922688.0
1968928896.0
1764526432.0
1650003408.0
1752959376.0
1722472832.0
1688669024.0
1679775872.0
1590729776.0
1480844864.0
1581130304.0
1605613744.0
1652117120.0
1665977008.0
1813135488.0
1719706928.0
1827465296.0
1774341808.0
1778159616.0
1922430960.0
1775062880.0
1878695504.0
1833720656.0
1509689872.0
1611560064.0
1727538976.0
1702984864.0
1751474192.0
1723770304.0
1707437760.0
1699013232.0
1804317808.0
1636311200.0
1584582800.0
1572855392.0
1409662192.0
1376742656.0
1341555600.0
1245975136.0
1315072464.0
1289651392.0
1350546384.0
1260416944.0
1122495136.0
1153844480.0
1050871664.0
1093703584.0
1101317456.0
1525915360.0
1645565056.0
1514568160.0
1701492848.0
1527918624.0
1537153552.0
1598484496.0
1578145488.0
1520642000.0
1390017216.0
1392920192.0
1583405776.0
1597557952.0
1458255552.0
1396410256.0
1142024032.0
1396906336.0
1477173680.0
1616420928.0
1742903552.0
1522171600.0
1641567568.0
1762364176.0
1862088016.0
1701886224.0
1716852096.0
1894329360.0
1911173248.0
1760087120.0
1906804016.0
1824924016.0
1689387312.0
1735365264.0
1546079760.0
1512236448.0
1417792592.0
1362988704.0
1380827712.0
1414213008.0
1467861648.0
1420134496.0
1247733152.0
1357503088.0
1691142368.0
1479885280.0
1384134768.0
1357394176.0
1224602960.0
1251814928.0
1454814880.0
1365367248.0
1643273232.0
1539927632.0
1466476480.0
1446384288.0
1345379264.0
1412604784.0
1360808848.0
1555447504.0
1591855760.0
1553325584.0
1665101824.0
1677397952.0
1877276544.0
1889146208.0
1881008704.0
1663586768.0
1554426672.0
1339528560.0
1511007376.0
1326656064.0
1432673920.0
1452048448.0
1366156928.0
1466883456.0
1627013440.0
1495099872.0
1689250048.0
1668536064.0
1547332208.0
1671707952.0
1600713744.0
1687597456.0
1729661216.0
1613535040.0
1585969776.0
1596287824.0
1821169872.0
1830397920.0
1760157264.0
1681266480.0
1752958832.0
1640987504.0
1526384816.0
1426009488.0
1374131712.0
1510214224.0
1399083952.0
1364420192.0
1367692672.0
1239744048.0
1220870560.0
1282482192.0
1475894176.0
1426955984.0
1482122624.0
1601232432.0
1756720272.0
1583805776.0
1449804368.0
1486565856.0
1355562832.0
1330317824.0
1343487104.0
1348193888.0
1308092448.0
1305811216.0
1295530672.0
1310988976.0
1124838496.0
1055828496.0
1186849520.0
1213100688.0
1243200912.0
1430891888.0
1542846240.0
1478315728.0
1550953376.0
1461254112.0
1487391392.0
1502895968.0
1558170896.0
1445374912.0
1282371744.0
1517038576.0
1362175984.0
1469779024.0
1407232928.0
1603468096.0
1692937760.0
1560824064.0
1665302496.0
1541800464.0
1536068992.0
1518404624.0
1473370064.0
1555125968.0
1445944432.0
1557603504.0
1349680832.0
1233797456.0
1318229728.0
1392754160.0
1279547760.0
1268908272.0
1412809296.0
1273336432.0
1344036304.0
1406558864.0
1288188768.0
1578441184.0
1542566848.0
1772190032.0
1791532624.0
1845788544.0
1853645696.0
1775395360.0
1815831136.0
1746292192.0
1688170064.0
1497064944.0
1285587104.0
1110860848.0
1080575120.0
1294045712.0
1356131952.0
1106779440.0
1116778720.0
1293889216.0
1515407232.0
1436048432.0
1519680384.0
1589059520.0
1737610064.0
1574279184.0
1524561888.0
1498033408.0
1290733008.0
1372601232.0
1274221344.0
1251938240.0
1157693248.0
1071426592.0
1194558000.0
1208232288.0
1138529344.0
1093199728.0
1285473184.0
1101773888.0
1272098576.0
1313887552.0
1549985568.0
1411337648.0
1287823808.0
1244871184.0
1223236480.0
1206294032.0
1369053712.0
1418062704.0
1300101360.0
1321259008.0
1289313408.0
1200862848.0
1270139008.0
1254321808.0
1164479504.0
1155870640.0
1126329616.0
1225648544.0
1401464272.0
1381462752.0
1431408416.0
1327778592.0
1352961520.0
1306914864.0
1527833120.0
1609620560.0
1581907072.0
1705165088.0
1643927920.0
1836493728.0
1949817088.0
1800273104.0
1669677584.0
1906554240.0
1780907040.0
1699547568.0
1867643376.0
1953930448.0
2018017264.0
1751828928.0
1737399856.0
1819723216.0
1752517664.0
1916523360.0
1963362320.0
1837582128.0
1536739552.0
1660825296.0
1406177760.0
1422032752.0
1526907936.0
1543338624.0
1378911568.0
1812411680.0
1701635664.0
1429326480.0
1308460336.0
1558358160.0
1586719248.0
1465292208.0
1460385520.0
1357666736.0
1162586496.0
1454431888.0
1466769008.0
1731083392.0
1729027776.0
1691171088.0
1724497344.0
1815329632.0
1718298512.0
1805370192.0
1754262352.0
1826747168.0
1633788128.0
1643977360.0
1806378912.0
1752626608.0
1813338880.0
1932423744.0
1898861744.0
1706741040.0
1637161664.0
1694183616.0
1773556688.0
1841927504.0
1607898032.0
1993528128.0
1888513952.0
1783508176.0
1619038272.0
1628739312.0
1534882912.0
1334805248.0
1494299552.0
1616539696.0
1692481568.0
1837606336.0
1967332864.0
1972124976.0
1984843184.0
1950823920.0
1850297200.0
1813848544.0
1809773440.0
1673750352.0
1683671728.0
1760867200.0
1718662624.0
1874153568.0
1893161232.0
1696513824.0
1734432624.0
1769681968.0
1689577424.0
1858335648.0
1699487776.0
1624419552.0
1625914144.0
1512791104.0
1421659904.0
1611509376.0
1740790464.0
1778903280.0
1685724080.0
1535032368.0
1435857264.0
1500725040.0
1519245920.0
1670893088.0
1640705472.0
1543638608.0
1460313792.0
1636886688.0
1888133520.0
1715530112.0
1646346864.0
1757136400.0
1791130080.0
1905924288.0
1684045856.0
1805979360.0
1711236224.0
1620258784.0
1641861840.0
1849006272.0
1838951936.0
1685634656.0
1471667952.0
1883615216.0
1678453152.0
1446535696.0
1795466960.0
1804707760.0
1656748592.0
1379458016.0
1423295664.0
1424654608.0
1239379712.0
1343621792.0
1250608416.0
1389484752.0
1329365584.0
1263824912.0
1271905824.0
1339539456.0
1219959920.0
1191977184.0
1061379280.0
1058952688.0
1038326912.0
1220447040.0
1195441040.0
1156620288.0
1204761360.0
1408872896.0
1469986208.0
1382266624.0
1257009296.0
1423546448.0
1190713120.0
1551699216.0
1727793232.0
1512400784.0
1482999680.0
1529760368.0
1526107376.0
1441866160.0
1338864160.0
1192258288.0
1390788528.0
1464914032.0
1451279760.0
1612719056.0
1772377744.0
1616038048.0
1760365584.0
1670220800.0
1604284240.0
1409396288.0
1569678592.0
1405684368.0
1312856016.0
1499717776.0
1637317952.0
1530374400.0
1517648656.0
1364463792.0
1449269552.0
1247512448.0
1385983600.0
1511423488.0
1656064896.0
1522927984.0
1937525168.0
1998254256.0
1910167680.0
1782213936.0
1640126352.0
1688269744.0
1461201952.0
1592365952.0
1812618704.0
1840088368.0
1864775664.0
2011248352.0
1846620976.0
1804521568.0
1645886944.0
1750498208.0
1542892640.0
1557857392.0
1572041744.0
1705770640.0
1654693040.0
1628755952.0
1552621952.0
1596521936.0
1496569760.0
1606638848.0
1384285968.0
1646919856.0
1663617008.0
1555897104.0
1476194704.0
1669475696.0
1668216416.0
1691729152.0
1684907408.0
1653815744.0
1800163856.0
1633459648.0
1774498880.0
1673236096.0
1610043072.0
1692107536.0
1823740464.0
1809507840.0
1561823680.0
1367421808.0
1262468128.0
1408146784.0
1302128352.0
1346305744.0
1390715760.0
1621361776.0
1657203984.0
1484343664.0
1785257056.0
1643574080.0
1800969120.0
1751827120.0
1602906832.0
1430486576.0
1298460960.0
1420949440.0
1376535840.0
1479637616.0
1483118576.0
1648683344.0
1527540704.0
1514401040.0
1384096352.0
1516646096.0
1498044928.0
1361153184.0
1454167168.0
1341681872.0
1355915424.0
1370328320.0
1441881312.0
1346499440.0
1321919248.0
1349294544.0
1316453584.0
1500283152.0
1567296736.0
1549839616.0
1612425776.0
1588360416.0
1734268576.0
1571974656.0
1521641248.0
1320375808.0
1531050784.0
1605173104.0
1582449984.0
1891413056.0
1811903168.0
1809691648.0
1777560736.0
1897048304.0
1773224288.0
1858554624.0
1877859984.0
1726501904.0
1850184784.0
1737670656.0
1820372944.0
1774232368.0
1786015488.0
1614944272.0
1379153952.0
1188851152.0
1152371168.0
1291614624.0
1216903488.0
1186633696.0
1291359104.0
1167948736.0
1150281056.0
1291123216.0
1308063216.0
1526396880.0
1453186432.0
1446050608.0
1556033776.0
1740761376.0
1985291600.0
1916558784.0
1973376224.0
2128542800.0
1923395824.0
1751985488.0
1568735968.0
1274556368.0
1503956976.0
1538440144.0
1792619344.0
1803459712.0
1782404464.0
1642505728.0
1598882880.0
1659647440.0
1737060784.0
1677381856.0
1703193664.0
1601441888.0
1580923728.0
1485209296.0
1443224912.0
1658436288.0
1796845360.0
1687361616.0
1658695872.0
1770748864.0
1814149248.0
1565741888.0
1449272480.0
1375888912.0
1546161920.0
1649289520.0
1643792816.0
1631652352.0
1695395856.0
1820368496.0
1852062032.0
1762500480.0
1675043456.0
1647275552.0
1738366464.0
1664715472.0
1634315472.0
1609688464.0
1535274032.0
1738209936.0
1669105520.0
1487184928.0
1358383632.0
1243841584.0
1577038256.0
1731994096.0
1646287776.0
1634095328.0
1683780864.0
1741540416.0
1638157008.0
1566595888.0
1719837392.0
1660026704.0
1613032928.0
1569455536.0
1577898752.0
1382481856.0
1220088064.0
1134296464.0
1108908384.0
1025820544.0
1019463744.0
1210024272.0
1180571424.0
1176286656.0
1407115232.0
1485118464.0
1535473360.0
1649850176.0
1474832064.0
1447769120.0
1605454720.0
1476523520.0
1341897840.0
1256900704.0
1153488384.0
1110333600.0
1060293248.0
1077954064.0
983756720.0
1048685136.0
991416400.0
1199784256.0
1196395744.0
1178777744.0
1237277296.0
1374207728.0
1515255392.0
1417147568.0
1432679376.0
1349051648.0
1386496400.0
1413246528.0
1302157472.0
1422613440.0
1546968960.0
1404985552.0
1319477808.0
1574257472.0
1661963952.0
1489175504.0
1741705824.0
1744967328.0
1906701936.0
1946927104.0
1751377904.0
2009407728.0
1863451088.0
1955477232.0
1855636208.0
1831943136.0
1662976784.0
1550099536.0
1624380000.0
1468411056.0
1700387664.0
1659679600.0
1614651216.0
1454865968.0
1402021936.0
1313193648.0
1233939184.0
1269659040.0
1516027248.0
1378354832.0
1379664560.0
1283041376.0
1123331792.0
1327312544.0
1177249424.0
1292730048.0
1215325888.0
1263104896.0
1546860992.0
1508833120.0
1478663408.0
1710434640.0
1655481696.0
2053220176.0
1890720240.0
1849717376.0
1584147904.0
1470900176.0
1636067680.0
1706558304.0
1802202368.0
1744609072.0
1748296496.0
1639184544.0
1784576544.0
1821040480.0
1730507632.0
1653280704.0
1709075456.0
1575044848.0
1455348624.0
1517031392.0
1506612704.0
1572590624.0
1530874144.0
1627374384.0
1602128144.0
1603067296.0
1560523616.0
1503957488.0
1451066480.0
1460179712.0
1390760352.0
1300899232.0
1404541088.0
1385072048.0
1288575776.0
1529766640.0
1342251968.0
1277516912.0
1158039728.0
1121747248.0
1036539264.0
974325680.0
1150771392.0
1290274240.0
1455134240.0
1581318864.0
1696167744.0
1604182208.0
1587561088.0
1654711264.0
1636810528.0
1729037728.0
1610573184.0
1440126336.0
1702481792.0
1616731968.0
1640281712.0
1534069472.0
1302072560.0
1261594256.0
1393725344.0
1270134048.0
1299250016.0
1415004416.0
1372147280.0
1301049232.0
1197430960.0
1207073056.0
1202354272.0
1209083312.0
1208141536.0
1238084144.0
1452087728.0
1527952896.0
1628575968.0
1634142224.0
1482016768.0
1436119040.0
1475927840.0
1381169056.0
1359961936.0
1505088320.0
1614388736.0
1694426608.0
1579838928.0
1811151568.0
1735516288.0
1706528720.0
1652301408.0
1553787520.0
1602005408.0
1810618480.0
1702164752.0
1844644128.0
1685684176.0
1739635024.0
1577606832.0
1365338016.0
1368621232.0
1261935136.0
1125714592.0
1103863232.0
1258701792.0
1486140448.0
1657506704.0
1501425808.0
1399811744.0
1287400928.0
1268074320.0
1406434144.0
1563654560.0
1598020000.0
1542251728.0
1551792864.0
1527711536.0
1448093504.0
1429846592.0
1323592992.0
1393237200.0
1316181120.0
1422849392.0
1217940928.0
1642176960.0
1602790736.0
1762804960.0
1695836992.0
1627140928.0
1728378976.0
1915436528.0
2111417856.0
1935983408.0
1831681104.0
1807850192.0
1614986816.0
1716259440.0
1667619360.0
1700776544.0
1598001040.0
1513795248.0
1428173552.0
1373480464.0
1662356208.0
1631890720.0
1703356416.0
1652709248.0
1681365968.0
1776735408.0
1683418912.0
1514191584.0
1400589216.0
1343958096.0
1629843520.0
1713243728.0
1723041296.0
1797189168.0
1736054224.0
1582214192.0
1586009392.0
1546538576.0
1577770832.0
1551631376.0
1457689408.0
1565633168.0
1522437888.0
1598256640.0
1776222112.0
1759972832.0
1793059392.0
1638805184.0
1443924896.0
1434775824.0
1280889712.0
1381240896.0
1422897328.0
1372891680.0
1702592048.0
1690114672.0
1524058032.0
1470946320.0
1372743552.0
1400299184.0
1428320768.0
1428878352.0
1388381344.0
1339999712.0
1532422672.0
1437130672.0
1433835856.0
1588440896.0
1748921760.0
1641793856.0
1553764160.0
1500455440.0
1660185248.0
1711745536.0
1607007840.0
1708763936.0
1813378784.0
1785997344.0
1781192896.0
1819669440.0
1879868752.0
1734747120.0
1953221776.0
1932255680.0
1972327952.0
1993181344.0
2000547824.0
1900720784.0
1705705280.0
1624365728.0
1784108192.0
1668891200.0
1632728096.0
1521093136.0
1298134928.0
1525963840.0
1664516560.0
1472657168.0
1598198416.0
1476410032.0
1559616720.0
1414532128.0
1807421808.0
1583484032.0
1568351968.0
1729089280.0
1689901440.0
1541767248.0
1513065728.0
1568231216.0
1466184352.0
1424513808.0
1257589728.0
1282560032.0
1253061440.0
1603593120.0
1613879728.0
1563749424.0
1535779776.0
1444754480.0
1313036880.0
1235545776.0
1400378128.0
1278844128.0
1504208640.0
1485720256.0
1392569312.0
1382215600.0
1303473472.0
1238210768.0
1094933376.0
986414000.0
903299344.0
868907920.0
900570944.0
1036911648.0
1357143936.0
1226351520.0
1362125008.0
1363996464.0
1291024416.0
1188754032.0
1074014576.0
981260336.0
1045167184.0
1049156608.0
991662864.0
1002217648.0
934783312.0
1112529248.0
1035668288.0
994626624.0
885787328.0
932089632.0
885822080.0
1001421760.0
1055677568.0
1296352032.0
1597859472.0
1667751312.0
1610946656.0
1570456112.0
1702240160.0
1672054128.0
1502801776.0
1447018528.0
1402970624.0
1538094608.0
1374735344.0
1268378048.0
1145557888.0
1332093328.0
1459383984.0
1486369184.0
1586305520.0
1884551424.0
1947415584.0
1895810208.0
1760048096.0
1620172832.0
1544196864.0
1745274528.0
1620871728.0
1566067296.0
1743012128.0
1518004752.0
1430918320.0
1295193888.0
1234550480.0
1211402176.0
1227114272.0
1200136560.0
1038576496.0
1013080112.0
1086375280.0
955246864.0
1012786112.0
1090454288.0
1095527616.0
1430099216.0
1549479216.0
1613073216.0
1924815312.0
2053105024.0
2199914544.0
2074074528.0
2057140096.0
1798836960.0
1894754656.0
1887761920.0
1940163504.0
1837171008.0
1782011264.0
2006482176.0
1999201472.0
1988988640.0
2054831296.0
1973390656.0
1968602000.0
1913120416.0
1771317616.0
1787746144.0
1741337520.0
1542143360.0
1492356112.0
1560400640.0
1493176496.0
1363598400.0
1418312768.0
1328039616.0
1255510656.0
1169137136.0
1229783888.0
1169362960.0
1267397472.0
1217790256.0
1498654656.0
1471254016.0
1404360848.0
1250582176.0
1236783728.0
1244577344.0
1294687248.0
1346842464.0
1312832480.0
1336062016.0
1429429472.0
1311877072.0
1146727328.0
1492520208.0
1492609936.0
1410529376.0
1280523296.0
1502606672.0
1605073952.0
1728744672.0
1621544048.0
1783246992.0
1520737504.0
1701002112.0
1630809056.0
1799382704.0
1595828592.0
1620478736.0
1643077232.0
1453487472.0
1453187296.0
1446686896.0
1365242032.0
1511219408.0
1537878224.0
1482286768.0
1380371376.0
1214195376.0
1193274304.0
1122662816.0
1150240416.0
1097862496.0
1180541776.0
1137705488.0
1215974464.0
1173324432.0
1171110560.0
1223995568.0
1289699968.0
1282763744.0
1145149360.0
1379827248.0
1494396864.0
1480932400.0
1571544208.0
1603739824.0
1415468160.0
1395293984.0
1504808992.0
1533327248.0
1758560240.0
1629527600.0
1781212496.0
1631697168.0
1631157472.0
1624956112.0
1724944480.0
1833468144.0
1662425760.0
1837577376.0
1793789888.0
2062388768.0
1988357664.0
2020395376.0
1906848336.0
1788258400.0
1724409968.0
1720440384.0
1650820176.0
1705964688.0
1524164480.0
1737229296.0
1714836272.0
1930546976.0
1759324304.0
1770773280.0
2005837072.0
1856319408.0
1739793232.0
1700574912.0
1825561168.0
1741631328.0
1623490592.0
1447051568.0
1440788784.0
1274323856.0
1314178432.0
1270242048.0
1305914240.0
1436053824.0
1376074544.0
1352300864.0
1691527984.0
1553088384.0
1693437264.0
1592990608.0
1624130736.0
1559034160.0
1789778752.0
1664009520.0
1816818832.0
2107028944.0
2201359824.0
2142454272.0
2173916832.0
2024728176.0
1951079296.0
1976012848.0
1927622864.0
1904558288.0
1714183824.0
1768369008.0
1711588496.0
1610139008.0
1541259920.0
1461284960.0
1319292416.0
1397189376.0
1345963792.0
1379861360.0
1359909440.0
1639285744.0
1520779136.0
1721940832.0
1605229760.0
1531975840.0
1674457024.0
1730686144.0
1569012368.0
1648522272.0
1792270544.0
1706361648.0
1864629536.0
1677234832.0
1697913600.0
1526968224.0
1553711744.0
1510329024.0
1462003696.0
1508379328.0
1750604128.0
1772150576.0
1875555664.0
1747690880.0
1614396016.0
1502411696.0
1402419584.0
1372300816.0
1596687056.0
1521435648.0
1349682528.0
1462822464.0
1609300064.0
1557790928.0
1783358560.0
1698619056.0
1500892480.0
1993040704.0
1661807472.0
1805360352.0
1887252560.0
1901471312.0
1835727360.0
1839474272.0
1663213136.0
1494389904.0
1502895744.0
1539747984.0
1472941280.0
1494432608.0
1723129584.0
1814086928.0
1676954976.0
1609751552.0
1688713392.0
1515271136.0
1410949792.0
1316618848.0
1204170320.0
1128491088.0
1089581168.0
1145670448.0
1059491744.0
1009231712.0
1103303952.0
1138345536.0
1024790560.0
1367934720.0
1449872768.0
1393435536.0
1669038848.0
1507667984.0
1896181792.0
1843924864.0
1692598064.0
1621594464.0
1340772864.0
1562442544.0
1275571680.0
1178035632.0
1318811520.0
1166547552.0
1188251088.0
1225098800.0
1178461984.0
1372215600.0
1311355728.0
1258984192.0
1183505984.0
1390645600.0
1519760608.0
1675369120.0
1596135392.0
1718106960.0
1789485504.0
1676306448.0
1601071184.0
1621295152.0
1571877696.0
1728875728.0
1603260848.0
1452859120.0
1404055872.0
1384683968.0
1549341712.0
1336579328.0
1332799648.0
1398264208.0
1409069392.0
1234654544.0
1729150784.0
1555910208.0
1546806672.0
1202120544.0
1185551216.0
1425311472.0
1261973072.0
924246192.0
1412270752.0
892167808.0
941454992.0
962512272.0
1156652560.0
1240029376.0
1292110608.0
1240537728.0
1655903040.0
1558228544.0
1673788912.0
1562284208.0
1421836592.0
1308988496.0
1346346160.0
1273072416.0
1490581104.0
1352877216.0
1548734928.0
1509691392.0
1570157120.0
1376557872.0
1296926384.0
1349328240.0
1330145984.0
1340939808.0
1355173568.0
1439030800.0
1375948144.0
1177219648.0
1268462048.0
1288896800.0
1302435504.0
1584092704.0
1591348144.0
1582454480.0
1535768016.0
1702771216.0
1539061136.0
1499607568.0
1580088800.0
1763342528.0
1620505424.0
1735555568.0
1581368784.0
1539473936.0
1380398336.0
1202917216.0
1180147520.0
1097022880.0
1175526928.0
1175701504.0
1338034512.0
1331856896.0
1225737280.0
1312807792.0
1244245792.0
1407392272.0
1335124464.0
1191244048.0
1043597232.0
944607040.0
1089465072.0
1062790608.0
1036379728.0
1148403936.0
1305321856.0
1271946400.0
1146331888.0
1393703888.0
1335966592.0
1244284336.0
1170425024.0
1186464208.0
1173449520.0
1160783552.0
1356685760.0
1177688608.0
1335505440.0
1441186112.0
1349751648.0
1440946288.0
1581283696.0
1738185920.0
1612791184.0
1862278128.0
1938146528.0
2044481856.0
1794199200.0
1748197104.0
1921088368.0
1797134880.0
2173057056.0
1941014128.0
1860587632.0
1593911408.0
1891882320.0
1692915056.0
1823372176.0
1811058304.0
1986613632.0
1980012816.0
1933840832.0
1734831216.0
1569731680.0
1511161760.0
1594792464.0
1742783088.0
1656126448.0
1513950528.0
1550405552.0
1443619584.0
1495662368.0
1503393408.0
1680281792.0
1818759712.0
1781743104.0
1639628208.0
1597117888.0
1563787008.0
1841881424.0
1639915360.0
1639225776.0
1749473344.0
1612018240.0
1445235888.0
1582652112.0
1463830528.0
1285288496.0
1556342624.0
1730660480.0
1579418256.0
1500097824.0
1506734880.0
1678543312.0
1744747328.0
1581944800.0
1440738624.0
1554143984.0
1522220528.0
1470652464.0
1396688160.0
1284895648.0
1369850992.0
1316555184.0
1289352368.0
1255241216.0
1344097216.0
1357044880.0
1410165360.0
1112472784.0
1443304256.0
1352581552.0
1048070544.0
1441411808.0
1239190976.0
1200202384.0
1326354336.0
1240727840.0
1149326608.0
1054516592.0
1151162912.0
1163015536.0
1158624896.0
1247097552.0
1230177712.0
1228328384.0
1485432656.0
1507841920.0
1475313216.0
1691153968.0
1553904544.0
1466100384.0
1388951664.0
1117743312.0
1575420960.0
1617110496.0
1557499856.0
1582025632.0
1703002288.0
1578170032.0
1591221296.0
1578260256.0
1667390976.0
1539452928.0
1634985776.0
1534649856.0
1618568336.0
1840900768.0
1579411952.0
1579711856.0
1669895440.0
1793393152.0
1672468528.0
1635043008.0
1572952464.0
1463069840.0
1492334432.0
1457420816.0
1460732880.0
1396706880.0
1500935024.0
1313626560.0
1411408432.0
1306094896.0
1309249568.0
1237013232.0
1345639168.0
1424127072.0
1321521152.0
1387954112.0
1545044992.0
1418117424.0
1480640160.0
1676442336.0
1754832272.0
1657799104.0
1542942144.0
1502361136.0
1474064608.0
1309720560.0
1228858272.0
1323491056.0
1244756112.0
1485017968.0
1631007648.0
1500927904.0
1702319984.0
1584285312.0
1512663056.0
1548145696.0
1542061536.0
1531466432.0
1739549792.0
1711756048.0
1987333792.0
1938517200.0
2004181776.0
1855993984.0
2014387760.0
1808220656.0
1617076784.0
1662106928.0
1549577280.0
1482634672.0
1414887376.0
1419757952.0
1747563232.0
1736774944.0
1587522784.0
1757333024.0
1830339488.0
1761036432.0
1891158848.0
1753892272.0
1686072896.0
1786978704.0
1829521088.0
1791064192.0
1762075504.0
1691586416.0
1768424912.0
1787039488.0
1681059920.0
1706914320.0
1664913264.0
1619284560.0
1583818240.0
1435994256.0
1764343344.0
1126227680.0
1929733088.0
1532995968.0
1572595632.0
1642282848.0
1678355104.0
1657433552.0
1651611600.0
1534548944.0
1432164080.0
1499667344.0
1406630032.0
1388581856.0
1400371104.0
1694124928.0
1503182608.0
1612204944.0
1757470544.0
1832318880.0
1921712640.0
1856282944.0
1679256464.0
2017019920.0
1932983200.0
1779001600.0
1562766640.0
1592853504.0
1540381072.0
1747352160.0
1823516432.0
1961796640.0
1863799968.0
2161840288.0
2115287264.0
1891099168.0
1734118032.0
1667461680.0
1747014320.0
1620849296.0
1652638336.0
1748854704.0
1808645424.0
1834788000.0
2280257856.0
2272093392.0
2102036704.0
2222926912.0
2177379152.0
1971028240.0
1980594736.0
1844800160.0
1850275104.0
2034140016.0
1796463008.0
1634678768.0
1488836352.0
1409030784.0
1579433872.0
1712831632.0
1592114352.0
1743184416.0
1735087232.0
1772578176.0
1717275904.0
1818481440.0
1879683520.0
1796521056.0
1777729056.0
1655743552.0
1666675776.0
1757046880.0
1636426432.0
1710101168.0
1767645728.0
1650724464.0
1738367040.0
1692716832.0
1675098688.0
1615947680.0
1788524560.0
1729796896.0
1785996288.0
1552724624.0
1420462448.0
1390417952.0
1466906896.0
1485080656.0
1351894416.0
1508788128.0
1576942432.0
1578256288.0
1861983504.0
1714060032.0
1559849152.0
1732350112.0
1615540112.0
1627635984.0
1662096416.0
1607260752.0
1716419232.0
1524357200.0
1748528480.0
1870384784.0
1685030224.0
1873994736.0
1588849184.0
1887686272.0
1648095024.0
2179141104.0
2058571312.0
1856552336.0
1890803440.0
1711281536.0
1769477472.0
1600521648.0
1415308384.0
1544120528.0
1644333984.0
1717684288.0
1738032208.0
1614622816.0
1716946896.0
1664949024.0
1462729760.0
1437226928.0
1447882896.0
1343462544.0
1613398176.0
1618015504.0
1755850896.0
1551379680.0
1740010064.0
1702379904.0
1466572320.0
1494258640.0
1649208448.0
1718259120.0
1644637472.0
1688627840.0
1638418032.0
1719621824.0
1836625856.0
1796135136.0
1838067584.0
1774913248.0
1710931920.0
1642998464.0
1679055232.0
1688805936.0
1715497712.0
1740083984.0
1917856944.0
1792736080.0
1824758016.0
1766570320.0
1726232320.0
1845706624.0
1721677552.0
1605034368.0
1562772864.0
1752829440.0
1818456272.0
1712062656.0
1862368192.0
1715617808.0
1808820976.0
1658968560.0
1791975648.0
1620394928.0
1906878080.0
1951946640.0
1728985536.0
1854361216.0
1775487936.0
1790840192.0
1860167424.0
1779027440.0
1740243952.0
1716612912.0
