704
1905
-2256
13072
-1470
-13253
11343
1923
19646
1512
-228
28532
-971
-1031
2675
657
-688
1520
-25689
-3106
-22925
-5
441
52
7981
741
26836
484
-8887
-2781
-14610
5
-2467
39243
2913
9396
-39009
1197
21979
39076
19375
1822
29932
9362
-2031
-6105
3590
-79
-320
-358
-24885
-10610
-36088
3263
-457
-31386
-659
5069
4889
19943
-5207
-1426
53699
-13819
4712
-8456
-2940
-2867
-6739
-2432
480
1115
-11671
-1673
-1953
-609
32801
775
-4630
1495
-28348
564
580
1897
995
20257
-55585
10561
-2968
-75
14479
-2290
-10145
4405
-1608
155
-5581
774
-354666
4639
