19608
19088
16264
20224
18800
17728
19824
21000
19936
20272
20384
16840
19488
12832
16464
15840
16600
18256
18320
13928
12976
18592
15640
18920
16480
19864
18824
15840
19584
10000
14048
16424
20096
17400
19064
15776
19608
18312
17536
20568
21960
17608
19144
21736
23112
22960
22168
18664
17256
22168
18888
20912
19296
19472
16896
15672
19824
19792
19080
20296
11184
18904
14616
13528
14184
16872
20848
20840
20480
17864
20160
19520
20184
19728
20488
18432
20024
10768
16736
17448
17640
16632
20560
19592
15184
18440
19184
17840
18568
14976
19240
16504
17752
16880
17984
16672
19480
12360
12088
14288
20168
18784
18480
17888
19864
14784
15696
18280
15920
19688
11920
14040
15040
18848
16824
15832
16640
18168
19680
19728
21232
21400
20848
21152
20416
18536
19760
18376
19336
18992
18376
21696
11160
13408
18680
10288
9112
9296
8760
9832
8480
9472
15920
18176
18904
20216
14712
14664
18512
18896
18520
20176
19816
21712
19664
18112
19960
17800
16544
21136
21032
21168
20984
20144
19504
18320
17176
19760
19472
17464
17112
18040
18408
17648
17456
16512
19128
16112
16760
20112
16328
18480
16968
16496
14848
17792
19112
18560
20344
20872
18232
20136
18360
18864
18920
19768
18824
15976
13648
17960
17504
14784
12792
19192
18664
18240
15184
17136
19696
13528
15416
20136
19696
20120
16696
20008
18232
18576
19016
18600
20440
16384
16184
19288
21048
18272
20472
16552
19136
20440
17312
17592
20408
20736
18864
19864
18920
18928
21592
21648
21024
22304
15736
14416
13048
15144
19984
17168
18968
19088
18016
13608
17576
18376
14760
16128
14296
18376
20728
18768
19576
15928
19592
21432
20216
20200
18888
21144
20672
19552
21408
20296
20168
20776
18432
17744
15960
19104
15008
17776
19248
15912
13592
17008
20784
16656
17280
19504
13584
14696
18472
19480
19024
14864
18456
17328
18352
19360
13640
12816
16496
18528
16032
19488
17856
17360
18856
19624
19280
15568
20680
18528
17072
18160
20424
19352
20136
19432
12160
15616
18832
18672
16072
18552
18960
20704
20768
20664
15608
19560
19256
16736
17904
13432
14704
18320
18336
16928
18728
18704
18456
12128
10712
17720
18200
19184
18296
17368
18112
18120
19104
14560
16832
15768
16472
19824
19624
12808
17400
18000
16576
17240
18656
9896
9808
12096
17856
19880
13496
18592
18320
19960
19864
17312
19960
14472
16840
18264
19208
19784
16648
14648
17192
18600
16976
19032
19960
18696
20736
15640
17952
17144
19336
20512
12480
11792
12376
12416
14624
21304
21784
20968
20368
12336
18240
18064
16792
17136
17264
18648
18760
18912
14752
17088
17656
16856
18112
15448
13496
19464
14224
18096
12160
15064
15568
18984
19088
18872
17208
18392
17760
20136
19456
16832
19088
18480
17760
16152
17672
18896
17952
19608
17400
17416
18864
18936
17808
16672
17000
17688
19616
20088
16192
14976
20160
19408
20520
18656
19528
18400
17520
15952
17976
9736
17680
16824
17936
18088
16080
14792
19280
20376
17168
17656
20776
18240
17464
19688
16424
13976
17936
18520
17936
17408
19608
12360
14712
16856
16776
18120
19168
21144
20928
19672
18800
19064
18344
17016
19712
17008
14832
17624
17384
17352
17176
16944
16424
16240
17944
18016
16016
21552
14376
16496
19736
17008
19280
21200
18912
20672
18072
18576
20248
18216
20248
18592
15856
18320
17120
16288
19016
20168
20168
10840
16392
17136
18216
18384
12576
18024
17960
18672
19648
19696
17088
19136
18840
15840
14720
12400
19096
15768
18056
12136
13040
15584
17472
19256
9800
10368
17808
20168
18240
19536
20152
20848
20664
19120
14344
17696
17472
18736
7296
12296
19488
17200
19096
18712
15896
17720
19096
17512
16448
21200
19656
20016
13848
17488
20472
17888
19776
11840
14704
17992
18568
18440
18656
18336
17232
19848
11592
16960
17504
18864
18376
18272
18032
16424
20080
20584
20368
18720
21112
20464
20680
21920
21592
21520
21792
21840
21248
18688
20056
20512
18248
19632
20960
11760
15896
18920
18840
18424
18944
17400
17728
16472
17528
17808
18160
18720
16072
19208
19512
20552
20888
18576
14424
18648
18448
19440
21024
17304
20680
20776
17584
18600
16648
18144
19368
21216
18368
18064
18968
18480
19816
14432
18440
17752
17384
16960
20040
20072
16984
19432
14200
19808
8856
12272
17552
19296
19208
19280
18664
17672
20472
22648
21800
23072
21048
19320
19152
17640
18520
19592
21304
20968
21584
20672
20936
21400
16080
17568
18664
12824
18480
18792
10776
12176
19528
15096
18928
14616
16760
15864
14000
16048
18320
19072
18200
19984
19720
15808
17280
19888
17512
17392
17472
19216
18640
20432
20992
21120
12008
16136
16536
16752
19584
17336
17256
17632
17208
19992
20360
20160
19776
15312
18000
18576
19608
18448
15760
16024
17672
15232
17248
20848
20912
20088
16072
18776
16456
14536
13040
16008
18136
11808
11088
12688
17592
16072
17168
18584
19928
20688
18608
21040
17368
15064
19088
16928
16528
17344
17208
18560
20176
14904
17336
19568
19920
19768
20136
14728
20168
19544
19624
19752
19088
19928
19432
17144
17584
17496
19592
15216
16776
17016
18936
16344
18720
20272
18488
20656
20776
13336
18264
19200
18440
16824
20192
20424
18560
19088
16368
18928
19448
19224
19840
18056
18600
17632
18744
18320
11616
19360
17720
17240
18112
17384
13752
17704
17600
18592
19256
19080
19712
16968
18432
18160
16648
20032
17752
16256
19736
12128
13768
20904
18080
19272
16760
19432
19728
18936
19976
17944
16880
20576
19472
16960
14040
17200
18896
18888
18056
16552
19992
15704
14824
18856
19296
20160
17504
19720
20512
16104
19224
13936
12512
15576
18888
20200
18864
18064
17776
19704
20880
12216
17528
19752
20032
8552
17944
11944
19568
20800
18600
21968
22656
22000
22656
21080
20568
21904
11576
14272
21256
18112
17712
15544
17720
19320
19320
19488
20200
19120
17080
18280
18848
18808
17512
15800
17800
19880
19160
17832
17752
19720
18400
17352
17856
20720
19904
15448
13600
19872
15600
18088
17896
18448
17456
19160
20032
17208
20032
20240
19608
19464
18488
18416
16200
18072
17352
22048
10736
15216
15552
18176
16136
18784
19048
17160
16400
20504
19960
20120
17416
20312
15696
19016
19408
10520
17720
18208
9656
15832
18904
8192
11184
19072
16728
16784
18232
18904
20440
21024
21024
19472
19224
20248
16776
16232
